37
56 17 77 43 79 99 56 15 86 13 77 58 98 36 19 92 11 45 14 36 14 57 55 51 95 41 76 95 62 67 35 97 19 49 37 67 17
63 45 73 38 35 56 31 63 93 28 80 32 83 65 85 93 82 11 47 39 87 88 77 68 37 63 19 34 66 92 19 62 96 13 44 45 59
37 63 91 58 84 50 40 31 57 73 70 88 93 60 93 92 19 79 59 14 34 26 39 37 60 49 27 32 23 13 75 86 59 65 42 33 17
88 17 90 41 81 79 20 39 37 77 13 45 42 34 74 27 27 18 93 75 50 95 30 64 47 37 16 48 24 13 56 82 91 12 61 50 51
95 23 93 51 59 75 48 11 73 58 10 55 70 13 39 68 55 36 64 10 58 96 18 38 47 97 98 10 85 46 63 80 28 60 77 79 53
14 53 36 93 68 31 30 54 73 95 10 82 97 12 35 63 47 36 97 45 72 53 39 99 15 84 93 23 92 28 82 22 65 72 22 94 94
62 86 60 31 42 15 10 49 19 26 13 12 18 75 54 68 11 94 71 13 60 87 57 11 39 11 75 74 41 37 48 17 57 22 10 28 27
26 68 53 38 77 62 90 96 95 45 39 34 41 95 30 91 33 15 46 36 14 58 74 70 23 98 91 20 37 88 63 98 22 22 63 52 21
35 63 17 28 68 75 49 36 15 87 41 71 52 19 24 42 70 79 70 62 45 89 17 44 20 40 40 91 41 40 23 81 79 59 84 84 73
60 86 79 31 56 58 10 84 67 94 12 10 70 37 40 38 12 21 87 93 13 53 71 71 11 38 96 95 52 67 80 23 68 99 34 55 56
48 20 17 37 80 87 43 13 98 46 22 92 57 65 26 89 93 32 19 57 30 40 77 31 99 84 27 67 66 38 85 56 63 82 90 67 59
71 18 76 19 87 16 11 95 13 38 93 56 52 74 53 57 14 34 88 78 82 47 97 40 32 63 39 93 95 71 26 59 98 66 58 19 78
62 35 56 45 35 59 63 20 40 67 71 87 19 86 72 39 80 12 22 28 23 15 44 98 92 57 61 70 63 98 59 50 95 90 22 58 88
26 58 92 54 50 65 68 92 66 33 63 89 65 53 50 84 50 24 56 74 55 19 32 94 67 59 12 25 47 20 78 28 32 49 86 62 11
58 17 38 48 72 56 46 64 49 85 11 49 12 36 67 76 91 16 48 48 54 15 19 14 90 94 57 48 24 74 39 25 25 63 92 36 30
17 94 93 22 67 62 16 95 42 75 44 74 94 43 36 91 65 80 33 30 94 33 21 52 93 48 90 14 63 72 39 73 99 91 78 55 53
59 58 92 54 85 21 38 97 60 25 66 54 17 56 49 35 32 26 64 59 58 90 29 92 61 38 40 54 85 92 25 74 96 60 17 89 26
51 75 68 55 18 33 69 62 48 11 10 36 85 97 66 45 60 20 57 33 45 79 56 90 64 71 88 16 96 16 14 25 23 83 26 90 64
81 17 72 11 49 83 93 99 19 72 38 11 71 56 40 28 42 11 61 40 97 50 76 60 69 12 49 14 96 15 36 53 63 67 10 40 33
55 53 66 94 66 86 59 77 30 67 17 74 63 75 21 14 93 13 30 61 81 23 13 21 89 24 59 52 43 95 30 47 61 36 63 33 69
72 28 75 83 79 70 54 44 83 92 92 14 30 31 62 91 65 38 18 55 99 92 27 11 66 46 81 22 38 55 52 74 92 74 47 88 10
68 53 23 42 36 83 41 89 91 94 56 11 90 10 34 88 43 19 72 95 84 20 16 84 14 57 93 42 62 29 47 43 81 84 66 80 49
71 89 33 44 90 51 58 44 19 70 17 10 16 95 13 25 93 46 54 46 27 50 43 53 52 22 97 35 65 27 35 35 81 37 99 81 63
75 66 93 75 26 27 25 65 93 81 76 99 96 67 96 57 57 69 90 19 80 61 26 70 71 26 97 78 19 98 60 27 21 64 58 66 34
23 67 41 93 82 51 83 33 81 40 66 78 60 95 59 91 51 35 64 55 45 60 75 20 61 12 27 29 46 59 49 83 87 97 72 16 53
31 57 69 48 60 60 73 48 65 84 84 59 19 15 12 21 97 81 39 89 35 15 53 73 43 49 67 82 29 72 44 42 58 90 79 11 60
68 68 38 13 98 85 71 28 39 27 94 20 76 86 60 36 18 78 27 58 63 41 16 82 35 94 84 22 72 15 38 91 92 68 94 25 74
68 31 71 17 43 97 49 98 32 63 27 53 93 23 91 80 49 60 75 70 47 89 34 33 81 89 75 86 86 84 70 30 19 97 10 51 52
47 59 76 10 58 96 76 80 30 30 40 63 48 92 97 81 42 92 40 21 84 10 40 13 80 13 47 22 21 11 38 38 37 22 56 41 88
26 29 37 58 83 82 37 82 95 28 45 30 38 20 61 92 11 95 49 61 95 30 98 76 29 85 31 51 33 82 28 68 29 13 98 96 66
95 70 81 92 43 15 32 89 63 63 77 12 46 80 82 94 36 67 32 40 31 97 80 71 99 57 50 57 26 61 72 54 99 54 67 64 96
70 85 27 22 53 44 39 32 60 29 31 85 60 40 18 91 77 77 66 65 81 52 33 84 98 14 65 26 66 31 92 58 90 26 41 36 62
13 46 94 68 99 96 82 66 13 29 65 69 20 73 79 78 98 20 96 51 60 38 57 59 83 55 77 24 66 57 90 64 26 49 97 12 59
46 32 41 13 79 20 35 95 19 86 56 95 49 31 13 29 15 79 24 92 73 46 91 34 80 42 38 78 10 49 91 44 78 95 40 35 69
92 58 88 13 49 75 94 59 18 23 18 73 74 94 66 72 96 15 90 24 34 48 77 19 73 98 39 93 42 99 85 48 39 82 60 48 62
26 37 44 18 68 22 99 74 28 11 90 23 80 10 95 28 74 95 37 49 10 95 71 69 52 97 35 77 35 52 87 25 58 56 37 58 89
29 38 47 77 87 67 92 52 33 38 84 52 97 35 81 62 31 14 29 89 51 47 29 63 89 78 71 39 92 30 40 29 47 76 81 67 64
