148
66 21 51 40 4 33 81 52 15 82 77 58 16 60 32 21 8 20 80 26 34 90 87 87 13 35 72 11 73 69 26 52 33 39 55 5 9 10 7 46 3 26 58 43 86 80 62 9 55 29 43 75 61 54 31 6 30 33 50 77 9 7 13 86 62 53 67 8 27 75 51 70 58 52 29 31 35 14 59 41 56 49 24 36 83 36 37 53 34 52 80 12 79 4 90 50 29 27 9 62 27 44 63 20 4 29 74 53 83 65 66 64 1 35 36 67 42 16 49 70 55 20 9 72 34 48 4 90 13 16 74 34 18 22 71 66 39 45 77 89 83 9 29 52 3 61 15 71
79 86 9 65 29 10 47 36 13 54 50 37 81 23 57 50 35 31 39 54 11 71 74 10 71 64 33 30 60 55 17 77 33 43 22 33 37 59 13 16 70 71 4 29 12 66 61 28 50 19 86 24 68 6 85 80 30 76 8 26 3 11 84 5 39 85 14 78 10 83 28 23 83 61 67 74 25 83 59 40 90 75 16 21 64 18 62 47 31 73 11 55 18 40 33 87 73 3 29 12 11 5 69 12 46 59 22 78 4 41 7 70 16 33 38 26 75 5 38 47 44 33 68 25 21 86 90 46 56 7 17 60 85 88 86 39 18 2 41 90 9 65 87 58 43 88 67 81
37 71 26 7 34 38 49 28 33 23 1 13 71 57 3 55 38 18 47 74 14 22 68 15 84 55 52 64 26 90 38 87 28 30 36 60 86 81 8 34 54 47 72 23 66 13 9 7 52 1 12 26 90 50 45 78 89 42 52 1 25 25 67 64 43 17 19 80 9 90 11 38 37 5 59 76 22 89 86 65 62 81 41 51 6 63 54 48 4 25 34 21 84 69 86 81 55 40 15 51 40 51 70 69 74 11 63 37 65 61 8 48 57 11 42 83 75 2 50 16 78 10 61 20 33 37 49 25 12 5 59 10 48 69 16 28 52 6 17 10 46 34 76 83 39 62 86 4
67 70 53 21 10 80 29 73 32 24 63 25 35 31 8 8 13 6 24 7 66 55 79 18 57 56 43 4 8 39 30 32 7 60 8 64 39 27 40 75 57 78 9 81 6 69 34 9 84 31 71 82 36 39 71 60 61 29 52 33 60 42 58 36 25 55 27 53 78 1 65 38 41 71 81 90 83 88 46 77 20 32 64 51 66 6 18 15 87 89 59 40 55 70 77 58 34 76 21 38 46 10 4 48 29 54 86 59 67 5 49 50 16 35 60 79 18 78 73 13 1 20 4 4 29 14 31 37 67 21 81 19 32 79 27 64 12 80 30 79 46 2 61 41 12 20 79 27
11 43 20 26 12 42 90 40 90 28 68 9 7 67 62 52 43 59 44 18 35 62 5 53 80 58 62 64 17 25 9 62 38 26 60 16 36 1 6 89 62 30 84 61 55 30 9 8 36 13 6 12 70 7 12 68 80 39 55 47 8 3 3 23 56 34 88 15 73 15 66 80 56 21 26 35 56 87 59 83 63 70 49 13 85 2 66 80 77 84 54 40 30 67 74 78 10 45 71 53 62 74 24 31 70 84 24 66 12 80 7 68 87 45 26 11 51 45 69 63 58 20 7 88 43 30 79 47 60 45 89 13 35 15 78 75 68 33 13 64 83 22 66 77 79 61 60 20
56 81 50 2 5 61 17 41 73 51 86 11 22 75 44 51 14 59 2 57 68 79 7 22 68 72 29 44 55 30 30 20 87 51 80 9 52 2 37 9 17 46 38 41 82 40 10 46 32 24 11 66 2 79 32 86 74 6 73 49 44 52 78 89 5 65 22 80 28 51 42 38 10 16 79 42 18 73 79 68 77 90 31 74 29 65 82 11 49 50 54 37 78 32 52 27 8 52 27 80 16 70 45 69 10 42 81 71 50 29 40 54 64 54 71 56 75 79 15 78 43 32 88 11 20 34 58 79 19 60 57 88 31 87 37 17 32 31 15 39 12 72 72 46 6 49 72 44
14 29 89 64 54 82 74 63 57 30 34 58 11 42 71 61 87 36 56 49 44 25 64 77 72 37 23 1 33 27 59 19 65 13 1 18 67 9 42 74 30 30 81 29 74 26 43 48 11 46 77 76 67 77 45 15 34 60 61 84 64 70 35 5 26 45 13 85 36 45 87 63 56 59 81 14 64 33 8 79 87 39 36 77 29 73 23 62 19 75 80 65 52 11 84 10 73 65 32 74 55 1 44 14 4 60 72 87 73 20 40 63 23 72 39 85 85 10 46 57 78 40 43 13 63 59 44 76 46 63 64 43 25 50 89 7 65 5 5 41 34 28 70 81 2 63 64 16
72 40 82 19 17 16 59 20 26 14 13 84 17 52 57 88 54 19 18 1 2 25 67 67 60 75 90 62 43 2 41 59 48 76 70 68 49 86 53 32 36 27 66 27 72 55 40 78 72 43 66 3 39 22 38 11 86 81 16 28 26 84 48 13 63 59 82 33 29 18 67 68 56 40 90 43 28 28 13 30 13 76 54 80 64 31 19 11 78 76 25 85 88 59 76 81 30 64 60 50 66 46 65 7 90 54 83 11 66 78 39 64 14 53 73 35 23 51 13 71 83 82 20 85 55 43 84 68 72 66 22 29 71 39 13 34 19 60 33 78 41 69 88 18 6 72 36 1
69 2 65 18 26 3 4 22 73 6 89 45 81 2 23 31 54 49 78 22 86 83 84 37 76 62 87 74 53 64 48 72 10 57 73 26 80 1 39 9 81 83 82 42 22 35 49 50 74 77 45 17 59 68 11 67 5 61 79 61 80 24 88 43 43 8 61 77 55 76 47 86 33 20 67 34 77 31 21 75 45 25 9 34 31 62 59 76 8 47 44 34 72 78 71 77 67 3 35 78 86 33 72 63 51 69 29 38 90 42 4 5 4 52 9 41 80 53 10 34 13 35 17 71 28 44 22 40 13 52 31 86 64 9 37 7 63 27 19 59 31 14 76 30 41 32 53 68
29 12 74 76 18 65 44 4 30 83 90 27 11 85 13 25 11 30 58 36 85 3 72 50 23 47 42 45 82 42 65 66 56 56 88 76 71 37 69 61 55 33 52 21 45 42 62 43 7 52 61 44 89 35 69 78 39 50 68 81 43 48 42 52 46 79 90 61 12 16 34 17 1 20 89 11 75 72 46 1 65 8 52 74 60 1 59 67 70 51 80 32 12 74 49 11 65 51 13 16 39 17 76 64 89 13 65 51 9 29 31 59 19 70 49 4 83 8 79 6 44 78 86 42 4 27 62 5 34 57 39 63 41 90 40 90 28 27 79 69 48 85 1 32 71 27 36 56
5 75 69 3 36 60 64 6 4 90 7 27 58 4 63 48 32 60 86 61 5 1 60 59 70 86 41 15 4 41 32 70 10 22 6 1 56 26 62 2 40 51 3 60 62 73 90 38 68 14 64 59 73 43 3 24 27 28 15 57 45 70 88 64 54 14 46 61 32 53 45 18 2 10 3 71 73 19 22 32 6 90 78 84 18 76 55 34 89 5 59 23 32 34 44 2 43 45 70 28 4 54 33 68 24 27 82 22 79 22 6 64 4 14 82 43 50 48 84 35 6 4 36 30 51 11 18 36 26 75 57 38 64 46 86 56 83 60 26 2 1 40 82 45 60 16 41 49
87 70 73 40 21 79 80 84 11 83 26 52 61 6 28 53 49 71 38 23 64 17 31 12 43 71 40 86 14 58 26 7 42 36 8 73 3 15 87 22 56 37 73 47 4 49 18 52 70 59 69 57 38 16 66 51 78 90 14 36 30 65 55 42 47 82 46 47 45 83 37 6 1 68 83 79 47 26 65 58 73 64 27 51 6 27 75 35 46 89 22 19 17 12 55 48 70 70 87 23 6 25 73 57 60 73 35 57 13 45 43 16 48 81 50 12 44 83 18 21 15 59 67 22 61 25 16 62 2 87 78 41 58 44 55 55 62 42 29 11 30 32 63 50 84 64 26 42
7 65 25 81 81 70 77 30 77 55 1 46 38 71 78 63 7 11 46 37 39 24 19 13 53 2 76 18 88 47 70 69 70 45 34 25 28 33 55 11 12 29 74 34 2 82 73 31 68 43 88 65 28 24 9 42 38 83 47 85 64 32 39 49 34 23 79 49 79 5 68 15 84 19 83 43 40 60 77 39 44 30 15 25 75 15 16 43 50 23 61 58 53 68 52 9 89 48 63 46 63 84 72 16 39 75 85 4 81 57 89 68 59 81 86 82 81 56 38 13 37 71 84 1 11 2 45 32 77 1 3 32 34 38 44 61 61 79 86 72 35 35 59 28 53 3 29 76
30 85 63 20 69 74 27 65 64 49 70 69 29 28 25 44 16 58 31 68 82 79 56 64 21 54 62 78 19 60 81 20 63 79 84 59 66 49 5 69 66 52 75 57 11 11 25 63 43 71 52 14 15 90 76 84 66 29 48 79 85 48 77 77 32 71 58 27 83 42 78 4 85 10 66 55 78 43 71 57 36 86 17 52 2 29 42 5 21 48 60 54 73 12 86 32 63 87 60 79 85 23 23 17 4 6 23 36 77 35 14 34 68 4 33 26 70 8 29 50 26 84 24 44 77 84 81 28 66 26 16 12 6 63 21 64 52 62 20 77 2 57 32 39 20 9 7 79
61 43 49 51 14 1 14 72 66 74 86 79 81 4 83 26 18 4 14 29 88 26 1 12 22 80 13 75 66 64 88 35 50 38 4 70 51 33 88 46 61 74 67 52 5 7 66 68 5 42 84 48 89 10 36 25 78 3 47 52 15 73 44 52 58 70 29 64 60 17 60 36 50 6 32 29 74 12 21 5 58 76 38 45 21 49 57 82 36 64 47 26 24 56 19 48 57 64 43 18 23 13 8 42 27 85 64 59 10 44 79 2 82 72 4 13 5 47 62 29 54 20 9 10 71 82 47 40 90 32 46 7 25 35 89 49 50 59 11 33 80 72 17 21 70 87 66 41
60 20 80 55 63 49 33 80 87 47 40 63 56 65 75 16 50 77 18 16 48 73 11 20 26 20 22 65 22 45 6 15 46 89 60 26 85 64 7 52 9 2 71 18 47 73 3 48 69 74 4 69 14 44 56 2 73 70 39 81 83 76 62 46 72 45 59 90 27 33 31 80 52 71 47 84 2 1 84 80 59 66 3 84 43 34 14 77 86 89 38 69 60 68 82 35 39 19 89 45 49 55 51 18 85 16 33 69 5 70 77 35 49 19 72 15 26 24 51 64 89 62 43 29 52 53 62 62 9 89 76 86 40 8 63 69 37 5 62 48 60 44 14 51 5 34 26 59
90 65 69 15 84 17 78 29 17 72 65 80 54 10 26 38 32 28 61 4 41 46 58 30 86 56 88 51 9 38 17 46 73 8 81 45 85 56 61 12 79 66 78 83 43 33 26 53 82 21 13 38 68 79 45 13 6 12 28 53 7 34 53 3 6 59 55 85 73 49 71 89 57 56 73 21 80 49 7 73 8 10 38 11 35 82 26 51 47 8 25 63 35 16 89 39 83 14 62 21 67 75 10 38 85 77 86 15 59 5 60 34 38 50 66 29 21 32 62 87 76 56 54 62 14 87 34 61 19 39 82 33 39 69 9 85 4 49 53 52 64 83 61 86 52 80 58 56
56 58 10 67 30 87 40 33 20 60 68 54 52 37 6 60 31 37 45 88 29 20 23 54 53 80 35 35 4 64 72 57 26 78 10 81 15 90 39 4 31 65 72 27 80 31 36 6 22 19 27 8 6 84 40 77 37 81 8 65 20 68 81 89 44 4 89 82 64 66 80 18 63 21 67 72 77 18 9 58 3 80 7 34 35 40 43 65 77 67 50 34 54 85 79 37 44 56 58 63 10 30 38 46 58 15 57 79 82 39 19 35 68 47 34 19 36 75 60 87 59 90 84 70 32 66 35 15 18 16 67 4 9 18 57 4 57 89 67 18 35 82 64 23 78 85 49 14
66 16 63 51 6 19 70 87 5 64 48 65 5 37 6 9 7 34 20 67 43 39 20 67 78 12 73 41 78 29 62 15 15 58 30 77 77 26 31 66 62 35 74 59 24 40 10 20 42 18 19 13 79 49 7 36 73 60 53 88 1 3 85 1 55 65 22 73 26 21 15 71 85 29 33 74 14 19 90 4 21 17 45 31 4 88 28 75 44 80 75 34 34 73 84 89 29 68 20 66 52 2 77 27 62 41 34 68 80 27 52 68 67 19 55 21 73 51 38 60 7 83 9 75 17 6 52 79 27 63 51 89 39 72 16 59 69 58 78 29 34 76 71 67 77 77 69 90
68 12 1 71 8 78 7 37 29 46 1 9 6 17 65 18 84 27 30 40 90 51 53 60 36 78 29 31 18 6 12 71 66 47 70 4 85 18 16 53 9 2 81 15 48 66 20 51 59 50 50 65 38 66 27 29 9 60 39 84 72 6 33 64 55 80 62 8 85 51 33 7 33 72 82 37 23 28 69 39 89 68 79 48 75 78 19 61 55 56 11 23 77 47 32 8 21 25 33 48 30 61 22 75 69 60 41 78 80 7 64 17 71 44 21 56 50 42 61 52 85 14 42 86 78 77 27 79 59 39 76 26 66 47 38 32 25 63 62 46 75 39 60 27 17 13 66 44
36 59 17 27 23 1 24 41 81 89 87 39 56 72 43 21 69 78 8 18 2 13 69 63 21 24 39 68 67 53 20 57 1 22 53 58 12 61 79 85 20 16 18 42 29 79 8 8 83 81 77 73 25 39 27 74 14 44 9 50 67 8 14 90 27 8 47 39 35 15 37 70 7 15 66 25 30 68 41 47 67 25 75 45 75 60 18 28 6 72 49 58 78 43 49 75 22 56 15 6 82 1 1 89 72 55 18 19 79 82 87 49 14 20 90 70 42 12 49 69 45 62 87 86 3 57 34 53 82 69 17 48 74 45 50 9 10 63 35 36 29 22 51 14 15 6 69 78
70 18 85 38 90 69 81 73 40 8 9 23 63 85 87 45 86 11 44 23 65 3 75 65 76 37 83 19 63 85 75 45 20 42 86 77 34 18 27 41 2 1 43 74 76 42 4 68 42 35 83 42 10 73 47 3 45 32 80 47 68 65 26 85 37 5 79 84 9 49 88 88 89 29 55 5 19 6 78 77 72 67 7 18 61 18 88 58 33 13 15 26 72 18 83 26 57 28 65 87 2 67 18 32 63 17 27 44 27 68 66 8 71 76 76 21 87 89 45 4 9 85 23 62 38 58 74 89 60 53 43 15 29 37 63 73 68 60 47 59 41 83 1 48 17 4 60 60
31 44 65 77 56 36 56 71 15 35 24 60 76 38 54 33 66 28 64 38 36 56 31 61 44 58 54 51 19 13 61 26 68 59 34 8 11 15 12 58 64 80 65 9 28 76 66 84 84 19 40 90 6 82 80 81 29 24 60 42 49 30 6 8 73 45 28 52 24 61 70 62 24 78 23 49 50 5 69 88 28 72 65 9 26 75 62 1 6 23 52 33 44 45 65 13 13 68 71 67 64 21 50 35 17 71 12 26 25 19 2 69 78 4 79 44 69 69 25 19 27 25 14 34 32 59 4 56 86 66 90 49 71 26 60 7 77 52 52 35 30 58 72 41 42 59 83 57
67 12 82 69 46 45 9 2 14 65 12 11 75 45 77 64 50 90 89 13 75 52 86 67 12 9 7 1 18 80 82 55 55 47 64 67 83 20 68 79 48 43 10 25 77 21 1 17 87 5 64 31 24 67 6 31 7 41 49 36 19 49 58 19 68 19 85 3 46 61 3 47 81 76 71 46 81 85 11 82 32 60 25 43 44 9 66 77 41 48 75 4 45 23 50 22 60 65 50 52 17 12 56 58 80 30 46 13 20 24 36 66 19 86 56 25 83 43 60 35 36 22 2 43 24 90 74 15 29 76 2 80 38 18 47 45 90 74 24 64 24 63 37 63 12 38 49 44
20 39 48 45 23 82 33 33 23 78 77 84 67 70 35 73 82 39 61 50 46 45 7 44 69 85 2 39 5 71 35 26 60 44 28 48 5 83 30 54 45 8 78 8 80 49 53 46 58 16 89 35 62 14 58 35 5 52 70 88 66 5 4 81 68 50 80 9 32 51 71 73 25 27 74 10 68 61 89 68 14 56 46 79 14 56 16 84 58 83 32 59 43 71 7 45 16 62 78 84 27 15 51 4 26 6 51 1 65 16 18 35 3 13 84 51 54 51 48 59 4 19 35 34 14 62 16 28 78 90 62 76 76 41 15 62 11 57 25 18 15 57 13 10 59 81 27 36
61 37 53 54 75 90 42 6 33 33 74 89 38 81 87 6 33 13 66 60 84 1 3 49 30 62 34 40 24 60 84 49 15 57 78 17 1 69 39 37 90 36 24 23 70 47 7 71 39 75 35 81 41 13 74 71 36 62 57 4 18 79 64 55 37 22 37 24 49 75 81 72 81 60 61 74 2 42 89 81 74 10 56 90 9 46 52 5 79 60 56 16 32 2 44 4 89 44 80 39 18 49 3 55 80 76 53 40 54 66 34 6 78 81 12 15 45 80 62 72 18 39 9 41 3 15 74 73 55 79 89 51 57 52 52 54 86 25 51 31 60 84 84 90 88 9 67 40
16 29 54 73 51 8 19 79 83 75 85 24 27 38 2 63 63 61 13 63 72 87 15 76 64 69 88 90 35 40 66 11 41 40 63 56 8 57 88 4 28 7 89 30 74 7 72 6 3 46 66 87 47 81 12 21 46 63 28 67 26 52 21 39 65 88 48 9 8 83 15 64 62 69 37 84 30 50 70 36 77 71 44 69 52 56 69 81 16 85 23 28 6 45 6 45 75 46 13 26 67 78 32 45 40 23 70 58 29 24 34 45 9 64 69 29 8 88 63 64 56 60 6 41 74 8 64 49 76 45 67 43 86 73 15 84 79 12 60 50 67 49 60 9 60 53 36 34
22 21 69 58 12 38 43 18 22 2 48 26 83 52 59 56 37 22 83 60 47 33 81 46 43 17 17 79 6 66 18 18 8 31 16 60 29 81 47 49 52 80 25 62 55 2 37 76 89 63 35 2 53 53 3 43 89 14 10 70 18 55 70 69 42 44 2 78 20 77 62 51 85 48 78 78 18 53 17 34 28 88 79 62 69 65 4 18 20 52 52 57 40 21 50 29 24 82 81 76 60 28 19 60 84 60 31 26 44 42 41 54 60 47 46 72 20 69 29 11 71 88 31 83 90 74 2 89 83 84 78 28 87 3 60 13 26 69 12 18 63 54 78 38 5 11 73 13
77 85 78 51 34 71 58 76 37 58 26 75 9 26 56 88 69 22 75 84 6 12 50 33 62 16 39 78 51 75 46 61 77 86 67 10 41 6 29 61 43 24 77 5 66 60 85 67 19 50 68 59 76 29 50 86 38 38 82 82 2 15 55 24 37 56 74 24 13 44 15 28 21 74 58 39 18 44 33 87 27 19 12 86 30 64 65 69 56 54 42 53 68 44 60 64 65 64 67 37 35 53 54 5 31 69 26 10 78 89 11 17 47 45 76 88 10 34 44 61 70 26 50 33 71 65 36 1 30 89 12 80 38 25 44 68 58 63 57 46 68 47 30 89 71 46 77 13
62 18 62 26 26 82 10 62 15 25 38 75 49 52 2 45 36 46 27 5 90 50 47 53 49 7 38 6 49 4 21 23 76 23 23 85 87 45 83 81 50 17 36 27 24 49 58 9 28 32 41 89 28 86 77 28 77 11 75 64 13 78 52 66 10 35 25 75 62 64 26 25 8 53 25 87 87 63 30 49 15 18 86 73 84 82 75 32 57 55 84 29 44 13 49 13 51 12 13 46 34 9 86 34 45 33 79 10 87 65 69 75 39 19 25 3 16 61 45 9 88 29 18 37 86 13 62 1 84 69 15 50 19 58 19 65 43 7 64 18 87 43 40 48 58 11 41 69
14 79 46 78 5 38 60 55 43 17 56 78 76 64 20 45 2 46 29 47 21 14 2 60 67 51 34 38 35 19 43 25 79 87 15 31 34 17 57 13 87 82 22 43 33 13 74 5 6 7 20 80 37 28 9 83 23 21 5 37 38 46 83 74 51 74 65 31 20 17 48 38 86 59 41 41 74 76 27 46 82 18 29 9 15 18 78 53 74 32 62 66 12 29 71 61 19 60 75 72 40 39 17 83 42 19 81 87 72 29 33 44 61 67 70 23 46 37 56 2 62 79 59 26 16 87 59 45 36 18 39 82 35 6 17 27 12 69 9 75 46 17 73 73 43 31 70 8
86 49 16 5 69 27 20 35 38 66 3 79 39 89 64 65 15 7 55 72 59 10 72 72 24 66 47 68 9 38 27 7 28 66 12 90 59 51 44 52 7 15 90 10 54 11 33 68 9 33 86 81 33 11 48 4 27 78 66 42 88 42 85 72 78 24 36 83 82 12 57 77 15 47 6 32 70 11 17 3 46 9 28 11 12 39 44 90 75 12 45 59 34 49 11 47 61 48 8 12 48 29 35 9 14 45 26 78 23 6 73 26 55 16 70 22 49 37 53 32 27 14 43 48 80 9 40 6 20 16 46 85 67 76 64 59 79 26 59 56 71 89 66 38 75 10 17 55
21 33 75 34 89 19 82 2 4 83 33 78 20 51 45 60 1 65 69 29 67 66 63 7 87 46 56 25 21 3 3 74 49 1 80 38 68 9 76 17 31 41 10 34 69 40 87 79 27 26 16 43 7 77 35 29 67 71 71 50 26 1 56 50 40 13 83 65 9 24 60 81 38 29 76 57 62 74 66 83 52 51 41 43 79 57 19 28 27 54 4 5 73 54 49 68 55 60 63 41 41 16 76 77 46 6 89 7 11 22 52 59 53 76 64 31 59 81 54 42 7 68 60 17 20 57 29 87 76 64 85 87 68 80 80 62 11 17 90 64 37 10 47 42 79 45 58 61
61 60 44 45 14 70 64 57 4 26 35 88 65 15 79 35 16 88 60 40 90 39 14 39 14 41 40 48 2 7 66 72 30 52 23 44 69 68 44 33 54 35 22 63 42 31 11 30 20 52 74 26 33 26 70 54 57 69 74 28 14 60 68 14 73 59 70 15 17 44 40 76 1 84 81 30 8 87 68 90 1 75 53 39 27 66 58 81 34 25 76 25 67 38 38 2 4 23 78 45 68 84 6 48 36 85 48 60 69 31 58 41 74 38 65 27 43 28 52 41 1 25 64 90 54 39 37 32 75 34 76 46 20 70 23 51 39 42 42 72 43 77 5 10 78 44 75 4
12 34 35 16 35 81 14 26 12 71 49 1 28 9 37 33 31 37 72 67 1 80 31 86 84 59 44 54 32 66 71 13 20 55 7 31 85 86 29 73 76 84 24 10 55 28 75 57 59 90 18 71 20 46 49 56 59 56 71 64 71 69 48 38 81 71 10 42 24 16 67 68 12 22 35 66 66 67 19 82 53 84 57 69 58 31 79 88 36 51 39 69 44 66 3 18 21 72 20 31 1 53 65 81 25 75 88 73 69 17 19 56 74 40 26 76 69 12 45 41 71 63 15 10 37 16 53 68 8 86 18 46 86 21 78 76 63 61 61 25 26 88 78 7 69 45 79 24
69 61 13 59 17 30 77 81 16 15 22 2 38 39 10 64 35 7 78 43 45 83 6 46 4 67 62 71 42 89 37 49 39 36 46 46 76 75 48 12 33 58 54 43 59 12 59 77 62 17 54 73 17 41 41 90 76 34 11 4 61 4 19 86 42 10 88 52 28 76 67 88 7 3 73 39 36 58 77 4 20 13 39 82 66 71 75 16 67 28 6 66 11 69 20 26 81 9 46 67 1 66 18 21 62 10 71 34 39 46 86 85 37 68 67 18 70 6 3 63 42 87 75 36 14 7 46 69 79 36 80 9 18 25 47 19 83 12 66 66 78 73 50 38 8 85 70 85
19 42 25 68 8 47 17 51 45 77 5 28 55 34 8 1 7 63 39 60 15 18 77 70 52 77 2 28 13 84 62 88 77 68 76 70 82 78 73 29 37 32 72 88 54 44 90 52 12 69 90 17 86 75 37 74 89 22 14 53 31 63 76 71 52 11 2 32 60 82 76 7 83 77 77 66 14 35 32 17 78 31 28 60 75 81 83 62 83 13 6 62 39 57 35 62 40 22 33 33 86 88 70 63 41 47 12 34 7 15 83 43 53 3 23 6 31 59 60 32 78 70 32 9 49 40 4 33 29 60 14 38 76 57 57 72 61 55 4 73 61 87 82 33 57 17 58 49
31 17 40 87 37 23 47 20 65 33 18 56 53 30 6 46 77 54 22 28 46 71 49 41 1 65 61 48 62 6 50 59 49 86 50 84 82 44 50 41 79 52 16 34 15 40 18 82 11 5 86 26 47 76 38 2 28 24 61 88 43 30 80 83 29 64 7 41 44 54 85 52 71 79 75 85 69 50 22 30 68 9 38 89 38 49 77 44 71 53 55 84 53 69 23 57 66 52 30 17 20 28 65 27 49 54 30 46 41 78 89 33 53 43 74 16 88 73 12 26 49 38 79 89 64 14 3 75 77 38 58 16 49 73 84 12 10 73 22 80 29 78 90 11 4 53 12 65
3 7 65 72 78 2 25 40 81 54 65 61 23 45 30 5 3 64 26 46 18 65 73 51 54 10 53 14 29 66 75 34 75 87 46 6 58 20 82 90 29 81 47 81 77 23 87 41 25 32 3 9 30 33 49 81 75 28 7 54 73 51 64 80 57 16 36 71 16 67 34 51 7 26 19 57 84 46 78 71 11 30 11 39 26 49 90 59 41 63 17 54 69 80 3 23 43 55 2 48 8 67 20 41 32 34 15 42 41 68 75 8 9 20 55 66 55 86 79 69 47 54 75 87 20 51 82 32 29 73 69 19 51 54 56 65 74 35 71 60 52 76 15 22 15 60 30 1
48 62 27 28 67 22 2 10 15 77 79 65 30 49 11 69 81 90 26 72 26 55 2 71 41 70 80 42 54 52 72 38 4 76 35 72 64 78 9 14 86 74 73 58 41 70 13 21 14 18 62 34 48 5 22 37 28 78 24 86 20 64 27 79 26 44 4 60 40 3 21 35 87 9 5 42 25 66 23 77 14 56 42 51 45 43 29 16 62 8 48 73 79 35 35 79 9 74 6 1 14 22 9 81 51 82 67 12 4 33 24 59 68 56 9 21 59 52 89 11 2 63 81 28 7 53 41 56 86 56 35 56 20 66 78 47 19 23 44 5 4 86 59 8 27 48 79 57
56 37 35 13 39 7 72 23 89 12 65 29 89 79 62 19 45 52 35 85 84 39 15 12 12 2 11 4 29 1 9 29 9 13 86 78 68 79 37 66 58 24 26 77 37 70 17 87 72 1 62 17 87 71 14 11 53 42 29 8 53 48 37 25 88 89 45 52 77 33 31 2 32 36 57 52 7 73 64 21 61 4 61 19 59 60 52 11 19 87 84 80 26 23 56 23 63 39 47 57 12 4 62 72 40 14 17 38 34 26 87 51 37 21 11 74 61 60 4 45 51 58 81 89 46 3 47 39 86 59 75 79 33 44 22 52 14 54 28 24 28 84 16 1 26 74 76 80
38 16 40 76 59 83 90 67 2 62 14 26 48 26 35 46 65 49 3 38 82 71 34 47 78 76 71 47 13 5 16 63 60 2 7 35 61 61 52 53 16 58 18 67 42 30 33 10 6 51 90 75 66 50 21 88 55 61 57 73 5 68 67 60 44 49 6 46 10 61 57 39 19 59 61 47 37 35 48 78 44 13 7 90 81 44 74 80 51 6 14 26 38 14 31 17 40 69 84 49 8 15 3 43 64 81 78 73 27 8 71 18 12 81 34 19 90 21 7 34 25 26 2 32 17 89 18 77 89 86 47 81 80 73 7 12 28 23 47 7 20 77 5 41 16 59 64 51
2 90 11 85 21 21 82 79 32 74 41 74 15 28 6 31 77 74 26 22 62 78 24 26 50 73 32 4 20 64 31 80 78 30 55 35 36 45 53 87 70 58 76 47 41 84 53 52 35 30 35 54 77 84 27 18 33 89 12 55 65 52 88 86 5 14 38 82 13 82 17 88 14 60 60 46 3 13 47 4 29 10 58 53 48 72 33 6 4 74 78 62 80 66 88 81 56 90 52 35 24 11 72 67 25 42 4 62 11 80 52 1 44 31 31 24 88 18 77 42 15 76 82 35 58 72 84 86 34 51 31 5 39 54 25 11 51 22 29 60 62 50 78 79 47 82 53 45
80 75 28 39 62 54 50 45 89 80 31 29 31 40 61 26 66 68 23 64 74 44 74 41 35 80 27 67 88 60 32 42 65 19 7 80 25 84 36 66 43 19 58 41 36 18 77 68 51 37 48 79 22 65 75 34 59 25 13 22 53 15 63 35 8 55 24 18 86 34 84 25 7 86 40 37 28 53 35 67 63 39 50 88 61 60 69 18 18 21 87 50 83 46 34 45 47 44 81 11 4 80 35 53 15 35 2 56 79 10 15 65 64 64 26 83 15 47 60 50 60 11 63 73 14 49 49 25 44 85 34 79 20 72 71 40 75 19 7 69 37 70 81 25 43 24 22 80
60 52 81 59 45 13 6 52 12 15 75 81 51 50 13 53 87 6 31 14 41 19 66 3 37 7 64 11 13 68 71 27 6 1 13 10 15 56 14 66 68 8 53 86 86 41 57 77 18 57 2 18 40 8 69 45 49 32 6 44 15 9 64 15 46 2 55 14 50 38 29 46 45 56 41 42 18 52 40 60 9 23 32 84 29 52 13 77 73 21 86 65 62 37 3 44 73 10 42 5 58 67 25 71 24 80 9 7 17 25 72 47 31 33 53 61 1 75 64 31 2 37 22 12 11 18 7 10 27 64 52 67 39 8 47 65 40 18 25 48 32 5 16 72 38 30 87 85
33 2 20 88 45 66 34 8 5 67 68 56 72 90 45 66 8 45 80 46 23 64 6 36 17 60 28 37 26 81 35 6 89 16 53 81 90 34 21 32 28 77 13 64 79 85 58 29 35 5 45 42 29 27 42 5 85 37 30 61 24 79 15 79 21 33 34 16 84 39 31 64 29 63 25 54 35 65 71 83 32 55 72 33 41 63 9 80 58 61 18 38 16 15 16 75 50 88 50 62 75 60 18 71 67 7 21 75 21 20 67 74 22 70 90 88 72 84 25 72 26 67 39 36 66 78 19 21 90 35 43 28 1 48 1 14 26 70 38 24 29 82 34 1 55 15 60 82
10 86 28 80 30 75 87 81 14 75 44 73 3 76 11 34 48 37 47 65 79 24 13 31 82 82 70 34 74 81 54 60 28 46 86 42 41 36 40 57 7 27 54 44 51 45 57 35 40 18 22 23 83 58 40 52 6 32 69 12 62 28 85 85 36 26 24 23 46 66 47 76 62 83 46 36 26 78 3 82 15 3 70 27 2 72 7 28 40 84 52 41 34 85 54 23 38 33 53 80 69 61 61 66 11 81 86 22 12 33 20 73 21 27 47 20 65 76 82 66 26 67 74 34 51 74 71 60 79 72 77 52 34 68 6 3 6 44 1 64 14 19 20 61 20 84 52 55
66 70 41 10 66 33 67 1 83 82 87 85 21 48 9 13 11 40 65 86 62 64 83 35 46 50 63 44 89 86 76 75 14 38 58 30 22 22 58 80 63 77 83 73 74 51 21 22 36 64 90 20 66 25 21 64 73 73 61 57 6 17 46 81 21 54 84 56 41 16 55 60 64 89 15 51 75 28 8 69 40 76 26 50 86 73 8 25 55 24 50 1 36 28 57 52 5 52 52 51 12 21 44 4 42 49 51 77 63 26 61 60 72 43 78 21 64 30 74 35 21 89 32 47 28 11 5 64 73 62 19 32 43 72 9 77 55 17 15 69 58 89 67 76 7 83 15 90
81 84 77 75 72 80 19 70 57 7 55 74 3 30 61 28 53 81 64 54 52 62 33 11 47 89 48 39 81 60 16 17 4 67 64 83 48 13 11 88 22 4 41 89 22 8 3 57 24 74 63 87 47 89 24 8 79 38 72 19 16 23 11 8 64 12 36 69 28 67 84 15 63 27 70 84 77 17 81 33 1 82 54 79 43 33 25 86 26 52 10 36 51 25 38 53 12 18 1 73 39 36 54 61 21 76 59 31 16 14 90 65 25 61 24 47 69 1 3 20 83 71 33 52 15 62 73 8 13 39 49 59 61 59 63 67 82 81 23 45 80 69 1 48 2 8 33 80
65 59 42 81 34 55 53 85 52 32 79 49 21 65 89 4 56 22 12 49 11 62 17 9 49 19 50 1 36 21 4 28 47 60 19 8 66 15 82 66 6 80 59 85 90 46 61 16 12 63 14 28 22 39 18 36 45 45 51 73 76 4 87 45 38 20 20 73 84 78 82 2 8 59 54 79 69 27 79 24 18 20 58 77 57 60 7 46 88 17 74 16 26 45 43 52 15 74 56 3 24 20 9 58 88 8 70 38 43 29 58 22 87 71 47 16 71 62 69 4 40 22 70 50 64 77 7 53 58 2 77 4 27 5 65 38 87 25 24 27 72 47 78 82 4 49 52 40
72 38 71 82 18 25 52 25 78 25 15 12 71 40 5 87 79 77 67 59 37 63 79 20 53 68 59 12 2 33 39 19 9 32 83 42 24 86 39 56 27 62 88 21 71 86 58 56 41 40 20 75 24 31 8 50 38 23 84 36 24 70 71 72 31 77 6 77 41 57 10 90 58 71 71 50 44 22 19 48 63 77 64 56 71 86 17 16 52 29 20 57 1 3 83 7 60 61 38 49 67 32 72 47 9 44 38 71 4 44 61 30 29 46 12 5 52 58 68 55 12 28 73 20 51 45 40 26 8 66 80 24 79 87 13 66 18 33 85 28 77 34 53 22 9 53 70 6
68 56 30 37 30 71 2 25 87 22 26 32 23 11 63 7 22 53 48 53 75 56 54 11 66 32 73 87 25 59 51 13 43 28 30 70 25 6 78 17 60 84 86 22 34 35 32 59 86 22 65 69 45 7 10 86 29 6 32 60 5 55 54 31 57 53 23 41 69 75 75 37 59 83 1 64 35 3 68 90 17 75 52 11 77 49 2 66 70 14 49 36 44 69 85 49 80 38 11 78 42 14 1 46 65 57 76 17 42 29 55 16 77 27 16 42 38 36 49 20 57 21 30 51 48 30 55 74 76 53 11 41 23 62 38 37 88 13 58 2 61 25 8 47 36 3 7 51
55 38 37 83 5 9 87 72 33 86 80 26 50 67 55 33 83 10 55 88 63 9 61 83 85 84 65 79 82 51 85 35 2 79 15 22 17 21 74 3 88 63 77 87 24 70 21 26 90 76 43 70 30 71 68 53 24 81 52 26 48 45 26 56 84 76 55 84 77 50 53 69 85 15 14 10 34 27 35 54 85 2 34 12 74 45 88 66 11 9 56 71 89 59 50 39 6 71 45 62 43 38 51 62 55 76 90 52 61 44 82 66 43 60 43 33 9 15 70 20 21 71 36 47 46 51 41 40 52 38 48 10 22 73 31 41 26 76 46 58 76 8 90 76 26 16 27 37
86 21 10 48 41 78 87 10 80 5 44 4 32 69 49 78 45 78 57 73 84 64 15 81 13 71 38 57 76 3 56 45 89 67 88 41 2 31 86 19 79 25 69 73 47 43 90 7 42 57 37 73 81 55 59 47 41 63 82 48 52 67 46 27 89 62 17 2 85 12 8 35 69 70 8 30 16 43 62 89 12 1 27 45 6 66 78 69 40 19 80 5 26 5 66 11 40 63 29 62 70 8 66 20 22 2 20 19 39 63 63 79 37 1 16 57 13 82 14 55 10 90 34 36 64 37 23 45 28 75 1 74 46 23 79 56 47 90 44 23 61 26 57 20 52 25 2 75
19 46 80 73 41 33 16 37 45 61 15 86 8 63 36 29 75 35 22 43 60 18 50 6 6 72 6 10 85 68 9 73 56 57 24 7 47 70 31 55 25 6 65 6 12 78 83 59 43 67 63 41 21 68 45 66 26 81 25 81 67 68 25 1 90 38 22 51 53 57 74 60 5 32 65 63 11 39 27 85 5 5 84 11 7 79 11 79 57 11 19 11 32 15 60 36 55 73 84 55 57 33 36 85 82 35 3 53 85 84 68 44 81 79 27 28 48 49 47 77 14 2 59 59 60 81 45 48 83 29 3 61 12 68 82 40 73 64 46 10 61 34 50 40 28 3 5 61
62 38 76 30 24 36 71 13 70 63 22 79 40 25 59 52 88 35 58 83 71 53 4 29 82 64 65 65 1 37 63 52 5 3 40 88 42 1 73 56 81 8 88 32 69 15 32 88 67 52 2 21 29 17 82 21 26 32 5 20 73 2 57 16 34 18 7 47 34 27 86 42 49 57 2 18 84 26 34 11 14 29 52 1 87 2 33 33 26 10 30 24 54 18 9 67 70 62 51 86 87 50 63 47 84 34 71 90 88 61 20 67 72 59 8 46 22 63 42 46 25 24 80 27 49 16 26 29 9 17 48 7 8 15 20 50 58 61 82 2 70 19 38 34 15 17 4 67
72 75 18 72 73 85 25 73 43 77 72 49 45 39 44 21 23 26 12 78 52 9 58 70 8 2 46 68 73 81 31 80 67 27 69 86 14 65 29 47 62 68 21 63 29 60 16 28 57 55 37 22 8 63 40 76 85 14 34 54 80 19 14 79 32 58 21 77 9 46 32 78 72 36 11 12 18 27 4 1 26 44 59 9 37 47 78 82 11 39 69 48 75 24 18 28 81 75 32 28 1 61 61 58 1 66 9 75 36 77 14 33 67 21 46 81 31 28 61 11 8 58 3 31 37 44 11 51 74 17 56 7 8 32 33 90 48 85 24 22 40 10 15 41 64 64 40 70
15 48 21 60 89 81 19 40 79 35 17 16 9 54 59 17 85 10 20 52 25 44 81 39 87 51 61 39 9 18 57 47 68 52 9 46 90 25 23 52 46 56 21 44 82 88 72 40 35 73 3 89 76 30 25 31 73 9 73 70 28 40 22 60 9 25 84 51 82 70 53 77 28 23 75 45 44 88 81 21 43 62 8 42 60 44 82 45 36 80 86 73 63 89 79 86 80 57 52 84 84 35 80 80 1 34 66 3 25 85 42 51 69 68 81 81 46 72 80 69 29 53 79 39 36 70 23 88 42 74 40 45 72 46 9 31 24 76 49 7 28 11 86 28 84 35 18 81
13 81 52 46 17 71 4 13 25 87 23 4 89 35 16 70 7 58 63 54 18 33 63 40 79 10 39 73 43 19 19 30 28 53 43 81 70 59 11 26 20 3 4 40 78 71 40 82 64 21 25 70 5 72 53 57 34 54 29 55 77 17 12 1 81 23 38 50 29 76 76 51 62 9 55 67 36 11 14 5 82 73 22 85 21 61 2 88 41 23 52 46 63 1 79 50 40 63 86 30 19 67 2 68 35 43 40 49 63 5 66 83 17 38 84 49 48 4 82 90 38 3 88 76 38 63 7 63 68 12 87 44 66 75 81 71 33 52 46 29 81 16 74 51 60 25 73 20
52 46 21 6 78 49 65 3 86 43 29 56 84 40 59 89 27 35 63 85 21 82 41 56 47 33 9 45 64 56 4 60 53 46 12 21 49 73 26 33 76 77 62 67 49 68 56 10 63 37 36 33 61 44 11 43 16 57 40 90 63 77 25 86 31 82 41 40 48 18 48 2 44 4 40 51 5 14 25 28 68 72 77 75 23 32 17 4 44 2 25 58 10 90 59 85 40 67 33 73 54 59 87 33 68 46 4 87 49 67 51 27 18 71 3 67 32 42 17 48 21 82 16 16 79 27 7 4 68 29 28 30 77 13 40 44 63 83 40 50 61 77 69 38 66 53 58 37
47 65 64 33 69 44 73 46 84 10 70 14 15 48 17 67 55 33 83 89 60 15 46 36 79 60 65 18 36 33 81 45 81 31 78 52 64 43 87 11 3 5 5 83 49 32 72 56 52 63 53 2 48 71 75 1 69 78 20 21 20 33 54 77 6 39 1 44 79 12 89 50 78 40 29 16 90 60 47 71 15 39 17 49 28 51 60 39 80 69 55 28 1 35 39 40 88 74 62 54 37 42 37 25 31 80 35 63 29 29 21 85 20 17 56 82 80 35 22 73 61 46 71 61 44 37 48 60 27 11 78 72 19 71 67 66 17 17 89 14 71 41 47 49 74 61 73 54
10 34 19 88 54 54 24 66 61 54 26 74 77 10 37 63 55 34 65 59 66 46 47 31 3 1 11 83 45 55 66 27 3 22 37 39 60 65 56 71 41 33 37 77 37 23 69 32 29 44 50 57 7 70 14 60 36 48 49 59 49 85 72 15 46 79 78 53 8 62 12 23 41 83 22 36 66 54 87 15 48 59 56 85 27 27 3 75 30 22 7 22 63 28 41 33 88 24 2 9 22 69 64 82 11 77 29 3 71 72 74 2 36 8 29 54 11 60 75 78 13 33 87 85 5 67 89 78 42 51 24 61 80 15 1 49 11 9 15 65 24 45 34 64 61 41 19 64
61 81 49 26 89 55 70 82 11 57 58 42 84 41 58 84 53 75 78 73 83 11 31 59 35 80 58 55 59 80 32 88 58 77 46 57 10 4 14 52 27 83 86 7 71 73 81 57 37 40 83 27 60 30 73 16 78 47 53 51 29 17 84 50 46 80 61 13 28 7 68 26 40 51 32 26 63 46 60 11 83 64 50 81 21 68 39 9 17 40 28 7 68 32 16 14 17 61 11 68 60 75 34 18 73 24 86 8 53 51 90 89 30 79 3 34 59 88 75 17 13 44 44 61 76 25 39 24 73 41 79 28 48 57 39 32 13 35 65 89 2 46 12 6 89 43 78 27
60 25 35 80 52 80 16 58 16 67 48 74 75 32 81 5 71 79 58 11 11 20 69 22 59 87 39 50 4 36 49 90 57 13 56 34 33 5 63 78 17 64 42 84 32 5 35 30 23 1 86 72 85 34 84 36 7 52 64 49 37 10 33 7 51 76 63 71 66 67 80 90 58 68 18 5 61 63 28 52 46 79 63 43 20 47 60 11 77 3 57 56 89 19 57 78 50 38 24 65 68 28 50 83 21 73 76 16 12 2 14 47 72 24 7 18 13 34 7 14 74 47 51 79 7 16 3 34 31 78 44 1 7 31 19 33 50 16 88 46 18 69 87 63 29 63 75 30
77 76 26 62 54 26 44 7 11 36 29 29 16 44 34 63 89 42 90 76 19 70 27 21 67 26 60 13 59 45 14 17 8 49 4 75 39 45 25 6 56 40 16 49 84 61 34 30 58 39 87 69 30 54 47 53 61 45 46 31 50 5 80 82 4 42 49 39 17 38 21 50 29 55 37 49 42 70 9 39 52 43 42 84 11 41 38 15 67 89 83 49 78 40 87 53 50 87 45 10 61 61 68 86 66 55 29 31 17 21 42 25 44 77 84 10 79 88 27 48 55 37 47 10 74 14 8 61 39 84 48 49 19 87 37 58 67 64 33 57 89 10 84 79 23 66 72 89
10 79 48 89 14 14 31 30 41 18 60 51 14 27 65 89 33 78 12 34 58 80 8 5 25 63 13 23 13 20 68 32 88 34 44 60 9 19 40 35 35 33 89 49 63 62 41 7 2 85 65 89 25 40 22 76 32 39 61 86 35 65 16 40 83 1 56 75 70 31 56 48 72 74 61 75 66 40 48 76 63 17 58 30 46 63 16 60 6 12 9 68 84 48 78 61 60 52 77 43 24 42 44 54 56 78 32 2 86 68 44 5 7 47 87 43 83 6 50 63 54 33 29 64 37 58 89 47 25 34 20 9 59 27 62 64 7 1 53 65 71 18 18 60 68 68 55 13
71 28 18 1 54 15 12 38 42 78 30 60 60 67 64 74 60 24 46 25 32 27 7 33 17 35 66 62 32 59 82 35 20 4 22 12 51 84 89 44 19 9 68 37 23 65 34 57 41 56 53 16 57 71 8 38 78 86 34 15 72 28 24 52 61 47 54 84 38 57 10 28 1 90 77 34 74 8 68 5 62 79 87 24 27 39 9 65 57 66 7 46 73 68 22 49 56 59 48 62 33 18 69 6 45 66 3 34 67 56 41 77 79 38 33 9 38 8 74 9 1 23 86 88 70 77 64 5 47 26 55 41 3 21 78 88 78 9 54 53 37 48 3 18 85 37 68 79
43 74 26 27 16 40 14 46 65 32 40 42 86 62 76 59 69 82 64 73 27 80 29 87 77 21 12 84 5 86 4 62 34 42 33 5 7 50 89 67 59 31 71 67 17 35 8 82 26 16 10 58 75 34 10 83 61 29 74 10 63 42 16 90 56 40 33 47 72 36 18 29 9 69 64 49 69 9 64 17 49 16 59 77 26 25 88 16 22 75 24 82 89 29 38 32 77 69 6 79 21 73 57 34 79 31 2 70 47 8 43 10 71 79 28 34 52 64 24 88 10 66 48 54 25 69 76 30 49 35 73 18 85 29 89 33 15 62 77 16 68 56 63 49 88 9 18 21
18 57 10 47 58 54 72 82 83 5 10 74 1 65 89 54 28 15 90 8 68 58 43 33 62 71 60 45 29 52 59 22 3 30 12 48 87 64 58 55 40 76 47 41 54 43 67 57 84 41 64 89 58 84 19 84 17 44 25 15 17 41 50 5 27 31 42 25 13 16 63 25 69 77 28 31 20 60 74 79 22 56 10 60 74 88 66 88 59 63 85 29 18 88 79 38 76 42 81 59 52 46 49 36 77 65 10 5 5 84 78 76 36 16 83 60 26 4 49 65 27 2 69 79 52 31 44 58 62 13 36 57 63 30 72 61 44 17 73 74 45 12 68 10 40 57 69 48
31 54 65 44 48 40 79 69 68 87 21 37 66 1 71 81 76 34 47 57 36 43 46 5 43 6 32 61 59 65 37 9 16 85 85 82 62 31 17 2 20 75 19 64 73 67 64 70 42 63 71 32 48 87 77 89 77 53 37 57 20 75 42 88 57 3 61 31 90 71 19 11 60 20 33 15 84 14 82 37 50 18 55 55 60 2 48 67 18 79 67 88 9 69 12 38 20 57 67 49 67 1 23 55 26 55 26 44 72 45 54 12 23 30 3 17 20 18 5 46 69 2 66 75 17 59 30 24 43 59 2 61 66 21 71 84 39 78 22 24 51 8 22 13 78 12 47 35
30 58 73 1 62 69 80 66 61 15 7 29 43 71 41 39 1 59 16 47 38 60 49 83 79 6 47 41 82 37 50 82 16 60 27 20 48 55 82 30 63 88 89 73 55 33 26 47 71 66 42 15 64 15 4 2 9 53 46 88 60 27 48 81 49 66 64 35 86 11 72 22 19 46 20 20 57 41 53 31 59 61 59 54 17 85 88 69 74 4 14 2 66 82 80 23 62 48 60 19 64 38 27 16 16 74 44 29 90 24 90 85 2 24 90 32 71 13 4 65 61 67 4 80 90 38 39 18 32 38 22 29 84 6 54 26 79 79 38 38 32 65 61 16 74 77 66 78
37 86 59 75 27 59 24 72 76 20 1 8 15 5 26 2 47 2 24 81 54 87 17 87 33 29 54 17 43 54 85 70 86 22 51 63 54 52 68 8 43 43 33 47 11 22 84 21 86 3 37 23 49 39 26 24 66 28 5 6 6 4 65 56 62 46 56 4 28 34 57 50 60 74 22 53 45 16 30 70 21 12 14 68 80 57 62 50 47 88 33 75 74 76 53 52 79 2 78 48 62 62 1 18 58 34 71 46 80 69 69 68 9 42 25 27 21 10 12 25 60 28 81 54 68 74 11 58 60 27 73 61 54 56 84 5 24 86 13 36 46 25 76 33 51 30 15 79
23 10 67 57 72 77 26 89 63 16 78 84 9 67 4 17 64 85 50 37 40 52 33 32 75 25 8 73 55 43 2 47 47 21 77 30 24 71 90 81 41 10 44 29 50 53 86 40 5 33 59 17 71 21 42 69 31 65 60 52 14 60 25 34 62 40 11 61 41 32 89 35 20 42 19 23 30 7 83 20 69 11 33 56 52 72 77 82 59 37 44 77 28 41 22 10 80 21 77 74 26 39 69 79 33 79 35 76 44 79 43 65 9 75 4 13 77 32 87 65 75 53 35 25 79 27 12 49 30 8 52 25 6 36 56 54 26 85 45 24 86 69 89 75 64 49 56 54
84 56 5 82 86 77 66 85 2 72 12 46 19 21 83 71 45 23 10 26 64 71 23 27 82 50 37 58 11 11 86 52 89 65 37 21 87 28 15 49 29 22 86 90 76 48 62 22 88 90 73 12 4 75 89 21 34 23 28 13 49 70 53 14 90 15 59 7 63 85 59 85 84 44 38 50 8 68 16 8 12 20 28 86 14 74 31 80 4 47 25 27 77 82 68 66 87 9 39 29 24 27 66 75 13 83 43 76 81 89 73 70 58 88 45 59 24 5 13 5 39 30 35 24 78 21 47 24 23 69 18 29 52 32 6 63 3 73 26 56 27 33 85 53 22 81 88 81
18 87 53 2 20 80 5 79 74 4 28 56 27 25 39 26 18 60 20 10 47 78 71 72 44 3 88 58 7 52 82 8 70 76 55 43 76 75 8 43 18 79 51 24 49 54 85 76 38 69 61 12 47 89 23 76 19 30 60 21 15 12 82 46 53 79 51 50 33 56 1 74 61 23 70 16 53 68 46 74 51 73 10 7 47 35 28 36 37 25 70 27 24 13 37 74 77 37 9 20 50 24 53 37 42 78 59 89 52 33 71 31 54 43 85 42 18 75 8 18 12 23 75 26 78 62 4 62 64 44 30 78 28 17 60 87 64 71 55 38 84 31 33 13 84 9 11 22
47 20 59 11 56 90 26 9 47 70 42 72 55 55 24 13 17 42 20 16 33 16 41 82 21 83 17 12 43 9 7 28 80 35 65 61 70 68 76 40 34 82 29 89 3 66 36 6 27 20 60 65 13 4 36 52 34 77 15 19 1 51 11 13 58 14 50 49 62 73 90 34 87 89 44 66 40 52 60 34 38 25 37 48 72 29 21 29 2 85 5 31 67 19 77 79 73 57 16 44 58 11 86 2 21 35 55 73 43 12 53 11 29 14 63 22 56 24 74 25 23 67 48 76 10 45 3 40 8 68 69 45 14 30 59 61 78 31 71 23 37 38 58 46 38 15 54 3
21 85 71 43 44 53 57 2 80 90 51 10 4 8 36 13 38 86 15 6 73 53 57 50 76 46 87 2 51 83 36 49 51 16 46 64 59 72 32 80 44 11 69 14 56 82 85 22 85 75 20 79 6 14 41 5 58 75 20 67 20 84 9 17 14 46 30 68 55 15 43 29 49 83 83 78 78 44 23 63 37 76 12 49 70 49 75 64 17 56 67 86 71 52 23 59 56 58 90 67 72 67 68 31 69 26 6 67 83 57 54 57 75 78 70 28 39 7 26 1 68 70 90 2 16 27 4 57 42 85 37 75 17 69 23 60 87 32 87 90 21 42 33 73 83 89 6 44
45 44 30 11 25 73 15 40 66 87 49 75 3 30 52 10 38 84 89 51 36 9 41 26 3 51 88 19 69 87 37 90 16 74 60 37 22 13 9 20 26 57 27 23 76 29 74 71 24 82 68 80 33 24 85 57 10 14 7 87 60 83 59 14 40 47 69 5 86 59 40 43 49 35 15 59 5 34 23 51 22 1 29 38 89 48 15 61 66 68 87 40 29 26 10 66 32 71 45 5 82 35 6 25 62 51 29 33 21 43 45 28 51 22 67 36 32 77 23 17 83 81 27 57 17 6 85 18 51 22 23 35 51 58 59 66 17 18 55 21 33 88 58 1 28 48 90 35
69 15 89 65 85 22 90 73 10 22 64 26 17 65 8 40 21 18 64 33 90 60 10 81 14 61 40 76 75 16 78 27 33 21 30 59 88 77 41 33 22 45 24 71 67 41 25 68 31 76 56 61 74 52 79 28 44 14 75 63 40 59 5 69 85 72 20 31 15 68 87 90 14 16 70 49 48 33 6 82 75 14 10 3 70 5 8 42 19 29 53 66 27 48 50 57 1 3 51 60 73 65 35 3 22 47 12 71 14 69 54 67 77 46 78 65 20 6 27 40 15 28 31 31 56 69 27 74 14 10 50 62 78 30 11 7 30 5 45 59 24 12 25 72 71 34 41 33
79 13 3 56 37 47 67 32 5 16 88 37 49 12 16 62 59 27 22 81 55 33 15 84 63 26 14 89 33 71 42 39 16 26 50 17 70 86 90 30 36 16 19 84 76 27 89 31 79 90 89 53 67 3 56 16 61 66 66 53 14 16 85 15 79 18 86 85 55 72 46 30 43 68 79 82 19 23 14 18 73 23 36 77 22 75 86 85 37 24 86 34 24 31 90 57 82 55 43 20 69 27 79 71 29 66 72 67 62 69 66 39 73 39 24 68 14 18 31 27 80 77 40 9 25 67 67 8 45 5 2 20 82 70 12 60 55 23 48 64 64 56 16 71 5 62 32 46
79 85 1 63 78 68 1 15 42 2 39 51 45 68 2 43 1 89 14 77 28 47 51 30 88 69 11 74 43 52 67 58 34 17 19 83 23 75 35 54 21 69 78 69 1 70 41 55 8 67 41 78 54 67 57 82 49 61 41 32 5 74 57 35 46 55 59 37 51 22 21 17 75 47 3 8 21 44 15 33 24 62 6 65 5 41 34 34 6 4 47 21 23 33 17 25 62 77 3 74 71 24 34 88 23 9 4 3 53 23 40 72 88 37 73 12 6 86 18 27 43 59 64 23 70 62 66 6 70 26 83 69 33 34 30 85 48 3 24 69 5 27 72 79 48 69 69 80
43 3 35 24 65 48 18 40 49 29 22 75 20 82 72 78 49 62 1 84 9 37 63 2 71 84 4 12 78 44 84 47 50 89 44 39 82 29 2 41 82 64 87 31 39 56 42 6 78 46 66 75 48 80 63 10 88 88 55 68 47 87 24 21 9 79 84 29 52 86 26 35 13 20 35 67 37 54 51 10 1 23 46 6 44 80 73 32 83 38 8 71 84 35 76 6 81 86 80 81 27 48 70 62 18 41 37 35 60 9 42 37 74 43 43 22 82 21 86 59 41 33 4 60 87 3 32 23 38 44 39 81 45 46 59 36 59 71 71 86 31 31 33 89 53 31 63 10
43 74 74 27 41 16 9 85 57 78 72 87 60 58 76 35 49 1 50 56 86 18 72 79 52 67 51 76 52 14 11 66 28 64 48 13 72 84 17 29 12 35 41 13 36 76 29 51 4 49 73 23 81 26 19 85 18 35 11 39 80 25 78 90 82 29 49 80 37 11 16 81 10 62 12 65 47 13 68 79 39 79 3 87 34 57 39 18 49 65 63 45 38 16 60 19 33 3 71 64 57 45 58 61 14 72 52 90 70 7 83 24 72 15 76 38 30 23 88 2 59 45 52 7 21 81 61 10 71 82 7 11 73 32 84 27 54 24 20 29 60 49 77 72 89 36 82 65
1 47 9 51 57 1 7 71 3 51 38 3 4 66 72 1 19 76 43 5 43 89 16 87 51 11 36 41 78 87 24 15 39 9 72 32 26 50 12 34 1 28 8 34 60 23 66 8 4 68 33 17 75 29 34 31 21 49 15 18 85 55 71 21 11 30 84 17 2 10 7 45 78 35 88 22 10 67 27 34 81 34 10 29 20 31 11 35 34 36 54 25 17 52 90 68 9 69 66 21 88 26 74 70 9 44 24 40 11 69 80 13 26 62 71 24 42 49 66 17 61 15 35 76 9 87 8 38 10 83 35 39 36 54 11 3 51 38 2 58 47 12 50 87 50 72 21 1
59 50 50 86 80 39 2 64 2 39 19 48 8 37 7 13 28 76 18 79 25 83 40 74 8 25 84 7 83 55 65 89 40 25 14 13 22 33 69 41 67 1 88 83 84 15 7 88 32 79 52 42 36 72 31 90 73 61 28 86 82 67 61 49 48 20 72 80 18 46 62 65 27 31 24 16 38 4 23 87 89 47 18 51 55 27 82 8 28 62 14 19 81 67 73 66 41 9 15 57 25 63 6 72 6 2 21 17 45 56 66 85 74 71 66 71 53 62 61 17 47 50 58 58 2 42 34 27 50 55 27 6 25 33 3 38 5 21 55 70 66 19 70 12 24 33 13 18
78 14 74 87 63 59 60 56 20 70 67 86 26 52 76 26 63 88 38 79 48 61 18 66 6 19 7 8 39 25 54 2 73 82 54 33 52 4 82 60 59 43 20 77 65 20 44 18 33 74 79 22 74 63 61 1 68 54 7 70 26 79 47 68 86 49 15 49 74 18 27 25 24 41 11 34 25 75 64 15 36 86 24 5 33 63 57 20 60 73 67 87 88 4 83 35 47 58 45 8 66 8 58 8 61 15 1 8 71 45 65 87 31 42 23 5 6 67 74 30 61 66 41 79 49 57 90 87 23 59 62 37 20 35 47 15 22 24 34 6 63 23 60 81 57 84 21 25
77 47 62 59 44 2 18 3 69 18 90 38 38 2 37 45 86 3 41 57 43 48 29 31 58 38 14 20 17 21 34 34 48 37 15 7 49 57 90 38 27 85 26 46 10 46 65 72 78 89 27 44 54 9 64 62 15 13 79 72 38 41 6 14 74 85 66 47 28 61 55 76 6 84 60 19 74 76 88 43 73 23 84 68 36 71 38 55 67 24 61 6 31 15 45 41 65 37 53 61 63 39 40 52 83 49 2 13 17 53 14 69 49 13 7 71 35 81 86 53 4 33 62 8 89 84 49 14 3 71 29 87 80 58 70 19 44 15 10 42 7 19 28 70 83 72 51 79
8 2 19 58 42 13 74 7 12 1 78 46 22 75 51 68 16 8 12 74 32 17 64 76 78 45 30 30 27 87 56 11 64 28 48 89 77 89 46 89 12 32 30 66 51 49 8 80 32 34 3 30 37 16 80 68 89 15 85 21 29 4 57 44 85 77 6 13 51 68 58 40 17 78 52 74 24 67 7 29 8 90 80 12 47 33 57 1 63 59 85 58 71 26 87 19 11 33 25 11 61 86 70 83 59 78 85 50 23 3 57 17 61 56 16 87 34 29 64 53 16 32 64 77 82 36 13 30 46 10 72 84 50 89 57 10 73 78 48 82 79 81 51 84 4 59 82 9
61 85 65 53 69 80 84 12 64 22 24 54 1 8 41 35 51 69 71 58 66 45 56 51 4 9 40 77 87 5 28 55 44 57 42 55 50 66 57 1 72 81 60 49 81 42 51 5 12 52 59 85 40 75 26 66 47 31 73 72 51 30 66 11 80 71 46 20 11 11 36 59 21 84 71 75 3 20 50 48 86 9 60 38 34 70 23 19 43 16 71 14 90 85 75 54 75 44 4 70 59 12 78 53 71 80 32 75 14 9 64 88 51 72 72 79 2 83 2 67 35 10 73 2 43 66 5 49 32 41 87 39 15 5 46 60 33 10 67 48 46 72 25 72 5 42 20 15
73 37 23 49 2 4 60 69 46 74 24 29 79 25 23 41 8 90 54 16 64 63 64 54 64 32 67 67 9 7 30 8 34 25 36 13 76 78 67 61 31 55 64 74 82 77 45 67 6 70 40 34 34 74 20 62 75 78 37 5 22 79 82 54 78 81 48 39 47 37 56 87 64 10 19 29 80 7 71 57 86 1 83 13 80 23 57 10 68 35 18 8 35 63 54 13 62 64 45 90 73 50 73 89 74 42 51 59 32 77 70 80 16 42 19 82 19 7 9 60 75 11 65 88 49 48 60 37 36 22 28 61 52 57 69 67 53 71 24 47 28 24 5 4 19 64 71 78
43 70 19 62 60 76 52 60 78 35 82 13 77 30 63 35 16 6 18 48 10 17 36 16 80 1 62 82 38 88 59 39 80 42 84 42 25 51 82 17 83 36 80 37 63 53 8 16 89 27 53 89 36 7 78 27 18 17 11 31 8 21 78 79 85 38 63 73 36 44 20 13 17 6 39 82 84 19 55 52 22 80 86 28 32 65 72 8 47 15 19 30 65 53 25 30 81 77 79 78 16 14 40 40 72 85 26 62 82 78 50 10 10 85 82 59 2 5 22 64 57 76 56 22 49 81 45 87 39 83 35 27 82 79 21 34 53 36 14 7 43 3 86 14 5 69 82 88
3 63 11 75 43 10 32 33 34 54 18 36 57 2 54 48 23 40 49 69 33 67 75 71 35 39 42 2 29 63 71 81 34 29 32 54 6 47 58 62 54 79 51 37 16 25 48 42 48 1 36 51 33 49 67 32 1 70 44 20 77 31 51 88 33 10 32 64 53 25 2 88 45 89 5 83 70 30 16 19 31 26 2 52 6 17 55 73 17 70 49 8 31 81 37 18 77 60 63 73 73 39 60 90 71 79 37 8 80 34 21 26 38 89 5 39 17 68 41 52 39 32 81 47 47 76 90 61 66 88 3 9 65 32 88 10 36 7 79 79 62 34 87 80 68 42 20 82
85 6 71 56 33 13 39 14 68 73 90 55 61 68 28 24 36 38 39 3 49 70 67 58 19 60 33 48 84 61 4 32 52 4 6 82 33 22 67 53 81 65 74 49 8 87 15 50 15 88 61 76 90 19 3 11 78 57 52 81 67 30 85 46 9 25 42 1 43 16 49 89 28 20 64 73 31 63 58 18 88 51 79 31 58 25 49 56 7 74 44 84 4 30 51 46 28 78 69 2 56 16 26 83 22 26 90 26 29 9 10 90 5 32 23 46 22 35 8 42 27 11 66 15 77 42 27 6 5 43 57 71 85 56 1 35 35 13 54 31 4 72 40 22 68 79 1 30
49 52 88 60 13 33 66 31 67 28 12 5 69 66 4 19 51 72 44 14 59 37 74 5 66 32 43 76 67 85 32 76 45 82 70 81 81 5 18 25 35 35 60 22 16 65 3 1 41 83 52 30 33 42 38 64 1 14 61 60 33 83 78 37 78 1 26 60 17 35 64 82 41 60 40 26 35 81 57 50 52 27 77 16 39 12 73 48 34 34 7 18 24 10 8 20 86 4 76 66 82 47 61 62 66 13 49 89 8 12 9 8 34 83 43 15 6 50 58 53 88 31 42 39 28 46 33 13 66 65 66 78 45 11 39 15 40 76 29 71 7 3 34 9 35 9 30 28
46 32 51 11 46 7 72 88 63 68 84 63 5 65 90 66 27 10 63 77 78 88 47 49 5 50 75 90 16 46 35 65 15 1 25 83 50 6 84 41 31 30 22 37 21 26 38 8 29 60 18 26 18 30 52 50 54 73 16 90 47 41 27 42 78 45 68 11 87 31 46 8 51 1 54 25 78 11 71 25 16 51 51 37 60 2 13 66 39 17 66 31 73 25 28 48 48 19 74 11 59 71 15 60 80 54 86 54 72 39 29 77 22 56 46 14 78 29 85 19 87 58 78 59 65 16 33 26 81 10 84 76 52 59 88 51 24 78 1 88 46 34 46 50 16 44 20 27
35 83 74 1 2 27 63 56 12 14 43 83 63 6 15 19 82 37 9 21 38 67 50 61 53 55 6 47 51 64 1 51 59 29 90 11 78 26 10 81 28 24 32 31 80 52 48 74 54 69 69 66 44 74 10 5 51 19 14 61 82 84 17 86 3 46 66 62 45 74 83 27 28 9 23 18 25 55 44 88 3 87 36 62 82 3 60 39 86 66 84 43 71 44 28 33 18 80 2 51 8 47 33 13 58 48 15 20 30 68 63 81 7 32 13 33 53 53 78 8 44 55 22 75 30 10 41 39 68 40 68 4 75 3 73 90 20 65 7 72 26 60 12 13 23 17 38 9
19 23 28 53 70 69 63 27 83 89 89 56 4 18 85 79 80 72 65 48 43 28 63 67 37 58 23 38 25 59 89 78 90 64 12 21 89 42 73 45 14 1 34 53 27 79 31 47 61 19 80 61 77 86 27 40 58 50 54 45 67 21 5 19 42 31 78 87 85 40 54 78 89 30 38 69 87 71 21 57 37 80 77 7 36 5 71 9 34 90 50 39 10 15 65 32 59 17 48 26 39 22 22 47 23 7 55 19 33 9 42 77 71 27 61 65 66 65 14 29 48 61 32 6 88 29 62 54 44 8 87 58 63 77 16 49 30 39 68 67 41 13 72 70 9 51 80 78
19 5 3 88 83 4 37 67 44 22 15 82 37 19 37 80 26 54 22 30 10 78 87 20 4 20 42 20 36 50 60 15 29 52 57 18 72 19 72 25 15 36 7 77 22 65 34 10 7 16 21 32 12 60 66 18 5 36 84 69 9 20 32 14 33 4 72 70 60 8 4 15 70 73 43 61 34 68 64 59 47 9 60 6 13 63 35 69 19 72 2 41 61 18 13 74 36 33 37 56 34 69 14 8 60 70 23 64 13 56 85 38 26 24 65 10 63 41 62 56 74 86 15 72 62 52 6 53 32 80 3 64 43 18 81 56 16 89 4 90 38 24 80 34 87 75 47 67
17 27 72 39 84 46 90 9 6 6 14 39 46 79 66 3 64 4 32 18 35 71 41 17 51 87 43 33 14 31 56 50 88 90 34 42 62 15 17 80 56 25 90 28 10 21 22 89 83 77 59 30 12 68 39 58 46 27 74 12 69 6 70 37 79 43 4 34 80 73 37 61 70 27 35 75 30 47 29 84 8 41 90 11 17 42 90 74 17 33 57 55 46 59 82 53 77 79 85 32 81 90 70 3 55 53 26 12 39 14 33 88 61 54 1 84 68 53 18 82 12 18 65 41 68 85 32 27 90 70 69 42 67 53 25 69 10 87 6 9 12 84 26 7 14 76 18 38
23 15 21 65 37 48 80 76 50 12 36 29 62 68 70 20 39 61 62 40 61 4 90 63 32 71 60 31 82 64 66 62 19 15 83 72 64 65 1 45 83 8 87 89 1 11 30 42 54 71 51 16 81 66 82 64 8 64 5 54 21 7 47 74 52 25 35 72 70 86 33 87 33 1 62 30 52 89 41 40 31 27 52 54 52 9 16 56 54 5 61 20 64 74 39 52 12 88 90 13 90 65 24 16 65 25 7 51 31 44 68 16 31 11 5 11 84 44 86 66 72 90 21 14 68 66 79 35 26 73 47 79 33 46 74 19 16 49 5 67 80 29 55 3 20 53 77 42
19 72 57 60 87 24 7 30 43 57 50 47 2 88 54 74 46 71 9 31 51 11 67 68 76 48 49 55 11 62 28 35 31 8 50 83 55 15 49 10 63 70 42 59 11 10 37 81 17 16 41 31 81 54 33 40 52 47 81 71 54 41 59 60 3 37 85 80 64 70 55 19 30 46 21 44 60 27 54 77 78 83 8 86 16 62 54 10 17 28 62 10 63 59 47 38 89 80 18 82 5 43 66 61 84 15 56 73 70 42 42 3 57 57 82 68 40 33 88 16 59 4 75 36 30 64 66 51 40 7 26 71 89 59 90 26 48 17 23 60 49 76 37 54 27 16 58 14
3 17 63 13 27 75 44 50 79 79 39 51 82 46 44 34 23 66 42 6 63 50 68 76 30 73 56 77 75 85 12 62 16 88 56 68 48 62 67 62 1 62 29 44 19 48 34 45 22 33 73 10 78 35 81 56 19 86 88 80 87 27 86 48 68 54 43 44 65 74 46 42 79 53 24 16 64 38 1 13 30 86 19 60 84 82 24 63 63 32 24 44 7 22 25 30 29 16 34 18 44 20 60 63 35 83 8 77 77 61 36 79 56 34 39 41 5 46 81 41 66 11 55 18 35 39 81 18 43 32 53 7 5 29 43 17 74 4 56 71 84 58 21 39 72 88 19 17
67 18 39 37 85 22 12 71 22 30 56 3 30 89 45 78 3 9 22 78 67 72 3 32 6 26 77 65 33 75 81 42 17 23 27 86 7 51 82 72 79 65 79 1 31 87 78 24 29 29 16 6 4 15 32 24 47 33 40 83 89 17 29 72 72 5 29 28 69 18 17 43 16 33 44 37 30 32 33 58 30 6 56 18 31 19 31 6 13 59 47 82 20 21 78 81 8 27 38 69 46 86 65 80 83 1 74 57 73 65 21 90 39 45 33 50 51 22 46 85 18 57 57 86 38 9 85 28 63 33 63 12 80 19 52 27 10 47 9 47 45 72 34 9 56 77 35 38
73 20 37 58 31 21 29 50 79 7 44 17 68 87 63 46 4 89 88 72 54 41 2 73 12 27 50 89 49 70 61 38 42 46 21 74 79 89 35 62 25 8 84 31 38 2 84 19 39 16 47 16 4 57 50 3 45 6 80 55 54 71 41 10 48 63 54 41 28 29 24 13 29 44 27 56 68 77 59 90 71 14 56 9 88 20 8 39 66 40 55 75 43 7 47 76 26 79 58 62 5 14 76 22 65 89 48 38 65 46 82 53 33 49 17 36 19 77 62 32 78 75 5 50 73 45 86 79 8 90 25 69 45 63 29 64 26 84 15 48 54 44 69 30 36 27 49 71
45 12 72 65 55 57 83 19 13 80 90 59 44 51 71 29 21 56 49 77 34 69 18 18 45 52 81 20 78 88 57 63 37 29 89 75 37 26 70 38 10 47 18 46 56 53 57 77 51 25 31 89 55 73 17 39 19 1 32 8 40 29 41 40 41 28 6 36 67 64 69 90 82 87 73 37 70 66 46 50 28 34 34 6 63 17 55 53 25 82 49 10 69 2 64 47 43 72 43 77 59 76 57 4 1 2 45 13 26 68 57 19 70 69 88 54 63 13 49 15 26 75 49 44 77 74 71 32 28 73 73 76 47 50 88 43 6 1 15 54 53 15 32 48 3 49 42 74
35 42 44 81 48 69 59 41 84 68 84 8 58 31 63 4 16 69 66 60 13 32 15 36 56 18 81 58 37 32 49 11 82 24 44 5 65 21 12 45 29 68 60 66 16 32 78 19 11 68 82 38 15 25 60 69 39 84 45 74 28 1 7 61 70 83 49 3 14 60 21 74 64 38 41 52 88 86 46 38 10 76 57 15 55 76 30 50 88 67 58 46 15 27 89 32 85 35 17 9 90 9 45 6 58 9 63 71 15 81 80 57 84 19 30 30 42 23 21 62 29 90 59 51 66 9 48 83 26 57 35 53 77 1 26 27 23 12 80 28 68 23 9 45 41 4 26 15
38 30 84 61 82 86 48 70 53 60 66 37 23 33 60 8 54 46 47 19 21 44 1 87 75 33 24 32 85 78 30 48 30 29 90 49 19 85 87 56 80 22 10 70 70 7 39 7 45 66 70 57 4 44 26 78 81 8 72 48 49 15 81 20 82 79 50 75 52 73 58 24 38 82 57 77 42 23 61 67 40 41 43 19 40 81 5 3 50 20 3 80 15 25 20 30 59 35 22 3 31 52 80 71 73 56 86 44 90 76 70 3 54 1 46 38 16 22 90 25 33 22 5 54 38 43 78 89 10 39 32 14 17 34 31 67 8 52 78 84 71 3 58 86 20 40 85 68
89 27 50 28 88 19 69 16 3 32 40 21 21 53 23 51 64 55 13 79 35 73 89 48 85 19 11 17 63 78 7 20 76 86 56 13 50 6 26 71 25 38 59 28 16 41 1 9 31 38 16 12 3 87 72 59 36 21 50 77 82 15 65 7 36 23 39 67 34 87 45 67 75 88 44 1 17 81 26 36 38 28 56 83 66 41 72 70 30 78 64 57 68 75 65 69 66 60 76 76 66 12 78 31 73 19 68 41 73 54 49 47 47 10 73 56 14 67 88 89 77 54 78 1 4 16 65 14 32 61 60 12 7 61 53 78 5 55 71 85 32 73 37 71 10 12 22 29
58 84 50 54 83 49 17 85 48 58 21 4 37 49 37 55 36 82 82 77 61 48 45 20 55 33 30 80 36 57 83 76 22 56 84 3 46 68 35 52 23 48 79 76 14 36 20 22 79 66 63 62 77 6 54 81 68 88 42 17 35 39 81 88 87 87 83 5 1 59 49 35 8 76 83 49 66 46 2 70 67 35 28 30 78 15 8 12 51 66 81 35 29 80 9 2 28 3 17 10 84 75 22 41 52 41 5 90 8 78 89 88 40 37 58 38 38 4 89 51 81 79 86 31 17 5 33 45 2 32 87 5 70 88 87 3 5 43 40 31 23 85 18 79 1 71 49 44
13 62 34 49 33 76 83 13 62 11 69 15 7 69 6 90 24 15 63 38 82 87 87 65 74 71 55 48 64 44 28 46 37 77 57 48 25 45 83 44 20 5 15 26 90 48 4 47 63 27 74 85 17 66 70 25 59 28 20 73 83 12 56 68 36 8 79 76 78 60 6 25 31 51 5 13 29 57 63 3 61 82 15 30 37 52 6 35 79 74 44 51 26 85 51 66 31 8 73 46 66 83 80 44 30 26 49 69 33 30 67 44 88 7 45 26 59 55 7 11 11 75 3 1 8 89 1 49 10 37 55 52 46 53 85 17 2 14 68 84 27 7 74 25 68 65 2 24
79 84 39 85 87 14 53 30 80 53 16 36 89 19 24 41 77 4 70 90 86 12 27 43 27 49 65 32 84 7 32 50 44 49 55 66 67 12 14 53 37 8 45 34 65 42 1 58 59 16 89 54 64 10 16 65 16 85 71 63 81 38 51 56 17 40 67 86 40 22 39 75 63 66 62 44 73 25 11 63 39 20 68 57 45 8 68 25 5 57 64 84 37 6 53 58 1 9 58 16 87 79 50 44 43 86 10 89 5 42 79 35 7 67 32 71 7 57 10 5 38 89 36 26 68 56 79 32 63 89 9 72 59 38 85 90 74 72 32 75 31 48 72 15 72 82 18 10
68 43 55 44 34 35 29 63 17 39 17 8 19 54 33 86 86 44 53 61 90 57 6 50 64 58 20 75 27 3 78 61 78 50 61 5 16 59 76 24 52 35 71 10 57 47 89 76 38 50 35 77 58 7 4 22 56 11 83 46 25 28 53 34 26 8 80 3 84 50 3 80 33 77 71 15 15 74 72 8 90 65 82 23 14 23 55 75 44 87 19 71 4 80 77 6 30 2 24 44 64 60 53 17 62 85 68 31 46 68 17 51 36 67 25 56 26 23 12 60 49 67 15 20 52 7 34 76 78 71 74 53 64 44 5 61 74 88 55 6 38 54 60 28 85 35 32 56
7 71 85 24 70 65 9 89 56 81 14 65 56 9 38 1 74 65 28 12 76 23 67 45 48 74 55 67 43 83 21 83 88 17 36 33 30 22 26 76 18 81 87 40 77 22 69 70 35 78 22 29 50 2 33 5 39 45 30 18 55 88 76 59 19 55 17 19 87 24 4 29 29 6 84 52 15 40 70 22 19 8 68 76 59 65 14 19 90 83 28 53 19 49 87 84 41 43 88 7 81 30 81 11 78 20 47 79 57 51 9 29 72 25 88 31 12 44 13 54 87 47 66 35 13 29 29 77 64 19 18 4 76 55 10 81 78 40 56 78 12 90 85 1 82 31 64 81
89 77 69 32 66 88 26 80 19 21 11 47 37 15 18 9 26 23 41 11 79 79 88 64 88 82 12 13 26 81 13 60 8 71 30 54 43 61 19 58 41 23 57 44 78 76 48 31 4 6 12 26 69 70 75 25 70 54 37 36 63 87 76 75 35 80 52 29 40 25 44 18 50 40 19 35 78 34 52 52 5 32 11 36 50 67 77 49 45 18 2 52 14 16 87 68 29 82 49 40 49 63 42 8 58 23 38 69 49 17 31 4 36 89 55 55 67 21 24 13 80 58 43 3 43 1 60 33 42 43 66 9 15 15 55 90 19 9 47 25 51 89 56 46 59 75 66 18
58 34 21 19 3 69 59 45 2 41 83 74 45 7 41 22 23 62 45 28 34 12 8 89 45 87 25 49 33 29 56 67 15 86 53 48 18 70 10 9 64 70 36 41 29 28 42 40 59 60 11 72 35 26 1 8 39 23 75 3 81 32 56 51 64 64 57 76 2 86 54 47 25 58 64 82 44 34 73 86 58 70 38 52 28 58 58 63 79 58 33 87 41 32 69 39 36 74 33 42 69 46 82 55 73 40 80 50 82 72 87 4 73 14 5 32 3 80 20 4 83 47 48 45 31 63 52 45 48 62 79 12 88 77 85 8 42 79 8 13 65 41 21 48 6 68 40 82
43 16 55 74 52 8 88 19 52 27 2 44 24 90 88 7 33 82 89 47 49 68 48 65 46 67 27 60 4 1 2 71 12 18 16 76 41 73 76 59 59 41 68 12 51 83 9 37 76 81 25 60 62 13 71 71 59 14 17 11 55 67 69 28 64 37 90 80 58 15 62 14 49 90 59 81 38 63 44 63 85 19 76 78 40 59 14 66 7 85 28 32 65 25 1 69 18 60 26 75 75 48 48 73 6 57 49 80 25 31 50 74 36 52 47 81 1 90 41 43 10 16 80 14 46 78 39 80 5 86 11 8 65 42 18 74 34 50 16 4 68 67 52 8 90 47 29 84
21 83 85 32 62 81 48 45 51 28 34 55 60 43 26 14 57 11 84 89 70 30 47 55 53 78 51 48 63 1 82 71 80 15 50 29 68 65 15 51 50 79 30 1 13 89 52 48 37 84 20 46 69 90 18 73 75 27 40 50 88 39 45 40 18 80 30 32 83 40 8 8 3 40 66 49 22 24 10 78 52 60 80 4 29 38 27 68 26 3 39 71 40 63 76 71 50 18 19 9 39 14 36 81 45 77 90 44 57 87 9 29 62 46 38 87 42 84 31 65 23 43 64 12 63 66 53 59 54 3 83 72 24 36 54 71 68 57 72 66 34 63 69 16 90 57 55 82
3 16 46 46 38 64 30 14 39 9 73 2 38 16 20 37 56 61 40 46 41 74 54 62 55 23 46 68 31 73 28 49 65 20 16 17 10 2 30 62 69 89 75 51 10 60 33 9 49 21 9 14 84 13 35 50 56 20 31 47 22 41 55 57 36 84 57 89 62 62 19 59 81 30 26 35 46 30 77 72 76 88 44 62 26 37 71 66 89 68 53 43 31 68 11 29 57 53 9 50 30 86 45 15 84 25 39 4 18 55 29 20 26 68 83 69 65 13 24 59 8 58 73 70 2 19 54 58 45 67 86 31 80 32 65 80 89 74 61 70 73 63 75 84 2 76 89 74
6 47 61 57 79 54 90 56 25 24 69 30 53 31 22 30 14 20 48 58 50 71 39 1 46 72 27 76 18 62 58 33 60 40 5 16 72 74 89 34 78 28 36 76 34 5 40 86 25 36 9 22 10 85 15 14 68 70 19 71 85 80 54 51 38 89 59 39 7 71 16 88 64 79 63 58 61 87 37 29 44 32 73 52 88 45 60 50 30 87 54 44 44 38 85 4 10 6 15 80 12 29 38 45 46 9 76 69 44 30 61 54 2 35 8 89 36 64 59 70 52 21 24 66 55 15 1 88 89 22 31 35 35 78 24 11 59 38 77 51 5 73 83 69 30 15 59 79
84 77 54 11 85 29 21 64 28 54 47 34 52 88 62 30 18 6 29 18 29 49 62 70 9 66 67 49 51 44 76 45 5 34 63 30 65 41 40 68 64 74 83 62 70 84 48 12 9 49 89 58 83 61 49 71 37 70 54 49 17 30 25 11 88 32 26 59 6 13 71 19 20 71 4 53 16 62 26 89 26 89 37 52 61 82 45 16 58 70 12 70 4 8 73 32 73 13 30 7 24 28 21 53 87 70 84 6 56 54 1 73 31 36 54 18 49 2 29 47 31 80 54 25 41 10 57 65 77 28 25 71 22 48 34 2 43 14 90 65 4 86 12 41 21 63 83 83
34 33 52 36 19 86 59 10 65 42 62 48 26 72 6 90 29 67 7 78 51 33 36 31 49 32 49 20 46 44 66 68 21 10 87 63 66 5 32 47 74 88 31 90 84 35 43 83 22 88 45 60 48 12 57 68 64 35 72 49 74 12 35 82 7 61 80 12 79 40 33 34 32 41 24 50 40 32 63 1 38 42 25 26 52 89 38 74 17 46 65 1 59 3 32 63 61 43 30 6 19 57 45 80 66 23 56 40 55 35 10 42 43 3 90 28 38 90 76 73 48 15 14 47 23 18 61 62 61 76 83 46 14 66 39 48 58 5 37 55 87 68 30 4 87 53 83 68
29 70 63 86 20 21 84 73 84 5 58 2 4 23 25 37 48 12 65 23 65 74 15 71 62 70 52 86 38 2 84 82 13 59 9 23 7 57 25 15 43 41 69 9 63 71 54 20 34 25 6 80 51 14 79 71 59 41 17 22 53 24 70 50 75 23 38 52 67 20 18 35 86 5 82 39 32 73 49 59 87 78 67 78 78 66 7 18 75 39 37 17 88 58 44 31 6 15 29 83 51 88 34 2 57 69 69 72 67 87 21 65 11 14 38 17 80 13 27 14 77 13 48 12 53 37 14 45 18 89 20 2 59 32 11 74 22 59 46 52 80 32 63 4 68 55 12 48
16 79 66 41 83 24 12 39 85 57 79 59 35 45 74 17 20 83 62 43 41 83 68 38 78 4 35 33 56 67 46 73 43 53 6 85 78 34 57 67 29 24 83 8 4 20 5 27 12 29 70 56 54 23 66 12 52 62 4 29 41 22 27 67 89 57 65 5 46 80 16 48 30 42 24 9 43 11 16 19 67 30 32 89 61 30 63 68 88 51 71 48 13 30 9 83 68 77 17 65 29 20 54 71 56 14 25 59 77 53 11 21 87 29 57 84 49 62 62 1 38 69 42 75 35 36 32 79 36 51 67 37 17 22 74 8 80 84 61 33 28 63 15 1 58 80 35 14
39 62 34 77 27 55 21 75 36 76 55 56 7 75 26 47 55 84 30 72 16 5 69 50 39 63 67 54 3 63 41 59 61 81 26 42 83 38 36 65 3 16 2 26 59 2 48 88 90 27 6 55 34 78 80 67 79 67 57 63 65 66 47 87 62 52 23 23 62 38 46 22 89 38 5 9 16 46 37 3 27 53 36 27 89 27 11 24 29 77 26 30 57 53 16 56 14 49 6 28 39 88 65 6 39 64 49 48 50 72 65 39 77 62 48 63 9 69 27 20 53 21 42 51 37 16 14 80 53 16 39 4 10 6 28 23 68 13 80 72 48 62 1 64 46 70 88 88
64 19 17 53 13 60 9 59 85 53 78 67 90 65 13 3 56 85 56 6 55 82 53 45 79 78 70 74 86 30 38 13 19 42 85 62 60 29 39 27 21 25 19 5 83 80 48 13 2 13 8 2 21 57 88 52 73 56 73 88 32 20 66 72 11 71 76 72 6 65 32 21 38 38 52 13 55 52 10 85 75 58 53 14 87 4 17 48 68 82 82 65 16 16 30 12 16 70 24 8 51 88 8 6 15 50 11 37 48 1 51 29 69 33 2 51 3 67 42 76 21 58 66 30 28 41 65 17 45 31 80 71 17 24 1 29 17 49 27 33 9 88 82 33 48 77 18 17
59 40 53 59 9 11 88 34 40 68 24 34 15 14 13 51 35 54 69 68 7 57 59 77 58 36 82 43 2 24 80 78 22 19 62 65 90 79 71 51 58 40 28 18 89 12 86 20 87 72 61 85 39 80 74 45 63 13 72 70 61 47 14 53 5 15 17 57 3 64 34 79 20 83 41 26 43 32 63 53 23 66 33 7 10 77 77 41 34 7 15 64 13 75 87 6 78 27 8 20 66 78 88 78 75 28 9 57 9 6 37 63 50 72 52 4 78 39 62 30 19 32 19 86 13 33 6 44 11 54 39 22 21 61 85 27 75 39 27 11 79 7 24 17 68 62 32 66
11 2 86 46 6 87 9 46 56 18 88 54 15 41 10 34 71 20 20 90 83 84 71 22 3 29 25 85 26 32 34 55 7 83 4 46 35 50 62 12 11 49 40 84 74 16 68 31 36 38 82 81 84 63 27 13 8 59 25 3 28 21 55 51 3 88 26 72 63 43 44 82 42 20 86 34 14 88 10 37 71 24 23 40 89 54 11 75 10 1 11 79 7 70 14 81 85 42 54 64 30 5 69 17 50 30 53 88 48 89 39 4 55 35 67 17 77 32 81 68 16 60 15 57 57 15 34 66 26 25 14 62 33 17 8 58 56 21 14 83 84 61 26 80 82 67 48 54
48 65 67 43 18 77 88 77 68 29 25 45 7 23 45 68 82 12 81 68 45 67 42 79 40 41 46 82 70 67 9 17 8 85 42 65 81 55 26 41 7 9 12 76 22 80 70 24 51 48 47 28 32 56 89 45 11 47 47 79 33 38 13 78 75 37 16 56 8 74 21 72 49 74 30 53 16 15 23 75 14 67 30 37 49 22 58 21 86 90 67 5 1 3 64 46 54 53 10 20 17 52 72 13 7 90 47 12 52 70 14 52 64 35 17 45 64 50 82 30 23 26 34 9 69 70 61 77 38 18 60 23 85 69 50 28 41 30 89 90 44 41 56 53 62 13 7 74
21 29 16 15 10 61 38 30 4 75 27 51 29 58 63 10 46 80 54 54 48 82 22 55 61 58 4 62 43 73 11 89 74 51 28 65 21 19 82 9 53 56 18 50 41 61 11 10 58 13 71 83 59 70 85 39 14 35 48 30 10 52 65 81 41 22 47 40 87 75 34 46 59 34 42 59 44 30 60 1 25 68 18 19 24 53 87 19 6 45 69 82 22 56 89 78 40 22 40 19 58 62 58 33 44 74 9 38 13 11 90 67 22 54 76 12 81 59 73 54 61 82 88 14 36 79 38 86 79 55 42 60 5 71 73 33 2 24 56 20 10 38 87 42 26 85 59 85
31 13 20 85 71 34 20 83 41 10 81 63 22 83 31 65 24 78 42 49 72 78 2 55 10 18 20 69 32 59 58 61 88 56 4 33 25 28 84 10 31 17 70 78 28 8 90 35 63 43 21 83 18 9 80 83 27 80 87 15 7 37 41 49 50 67 32 7 78 87 63 84 6 61 36 63 25 24 61 68 35 32 44 47 79 53 71 8 76 53 8 83 50 34 90 54 3 21 74 84 29 76 24 33 83 52 65 20 13 5 20 28 48 7 33 46 43 10 87 72 70 47 33 90 33 89 42 59 72 18 32 25 58 25 76 78 86 42 26 79 34 88 65 44 26 77 1 60
48 74 22 71 9 59 15 30 73 2 47 41 4 47 86 87 67 38 56 31 65 64 38 41 67 18 26 38 73 64 5 2 69 76 11 43 15 59 9 28 41 90 71 3 43 62 76 67 19 28 49 40 25 6 56 16 48 41 20 90 51 72 35 81 39 90 21 72 25 6 19 51 78 62 48 41 17 63 74 69 38 25 31 82 33 43 23 7 77 24 25 13 78 7 14 90 8 76 90 27 45 68 19 88 56 88 60 58 80 34 82 38 75 58 75 39 84 12 47 60 32 37 27 32 57 7 88 83 46 80 44 44 76 48 6 78 57 86 86 55 25 72 20 37 53 52 36 45
77 65 56 68 2 56 8 45 45 10 42 74 81 20 54 40 51 12 73 55 50 23 41 75 63 8 7 8 31 19 72 66 83 4 15 58 37 50 36 75 4 53 88 31 31 16 43 60 69 34 52 25 57 53 23 83 11 31 32 86 26 9 20 25 5 72 81 43 88 89 36 25 35 57 54 75 47 37 13 13 28 51 86 64 63 59 40 46 23 84 13 50 48 74 46 52 72 54 57 77 63 24 13 1 85 88 37 71 56 15 36 68 79 21 44 69 36 13 28 43 89 86 57 47 62 81 64 28 5 28 33 68 4 3 47 16 45 4 85 49 52 69 1 72 28 87 49 72
68 14 75 25 6 90 16 76 54 84 78 58 4 54 75 56 90 18 23 88 42 27 88 15 45 38 4 84 25 62 30 40 78 61 31 61 88 9 62 45 50 88 4 63 51 65 7 68 51 8 30 85 43 82 45 66 33 20 55 15 8 1 22 54 89 46 52 54 16 1 28 23 46 21 52 24 42 53 40 87 29 88 45 42 13 52 88 64 90 38 61 26 71 86 35 62 68 29 72 30 39 59 19 64 61 80 59 70 33 3 68 39 29 68 17 52 7 61 75 60 23 87 28 41 52 77 37 16 63 86 31 84 52 84 68 57 36 29 2 49 57 39 67 74 24 79 48 90
25 53 20 20 42 22 1 1 30 47 48 27 3 3 26 78 31 56 78 47 17 41 8 20 60 39 67 64 78 53 71 40 50 29 88 18 12 10 33 52 48 65 83 9 56 73 37 85 55 62 57 39 5 35 15 47 25 5 54 15 44 36 77 8 37 36 84 13 83 15 2 43 29 72 16 58 26 18 41 40 69 67 19 4 6 31 87 20 49 85 80 58 2 68 13 39 5 87 31 85 71 26 68 20 81 57 17 53 26 16 49 52 35 70 83 85 19 72 41 30 62 90 28 14 4 90 61 29 62 12 60 73 46 33 85 42 8 71 15 77 12 27 82 10 18 17 56 23
41 76 73 58 32 9 38 51 19 58 38 15 5 54 52 41 29 33 15 3 21 88 88 63 46 51 82 27 17 86 31 36 4 77 68 34 9 16 49 28 77 66 79 52 23 48 17 48 80 52 11 28 25 64 62 84 56 49 13 1 4 18 14 17 12 36 3 17 9 51 84 21 83 55 82 6 68 61 49 31 47 10 75 72 12 21 32 40 62 53 1 18 76 78 25 13 50 32 21 39 13 42 21 62 6 78 77 14 63 61 36 69 54 64 86 1 24 64 14 85 60 51 35 44 85 68 42 6 83 30 71 50 78 76 17 89 7 49 77 55 43 70 15 43 29 68 46 50
54 56 53 87 28 52 53 14 16 66 59 74 85 27 24 79 20 35 46 87 43 53 42 87 40 55 21 29 51 49 68 41 51 43 14 14 36 8 52 22 22 19 69 40 2 44 80 50 21 80 10 83 40 51 40 35 6 30 34 8 17 70 29 72 45 64 5 64 26 22 42 90 36 86 81 42 5 49 30 71 84 67 49 63 84 57 83 56 12 90 53 38 36 34 61 47 20 81 29 18 57 45 19 48 34 88 58 39 45 81 67 28 59 71 59 5 6 64 60 31 30 16 90 89 45 42 63 53 82 12 11 48 38 34 50 62 47 75 70 67 68 40 88 11 41 29 48 33
68 86 64 59 4 72 17 86 76 60 58 23 19 67 24 21 21 55 26 25 23 12 4 67 59 37 19 38 80 37 63 39 57 45 18 80 36 26 58 59 90 55 25 66 51 19 9 83 68 40 60 38 66 18 33 2 33 47 57 79 87 43 49 57 12 34 42 57 49 81 48 51 21 63 22 1 79 28 42 8 49 21 18 24 65 12 12 86 38 34 50 6 35 5 90 28 83 64 33 4 16 35 60 42 15 13 71 86 25 54 9 8 2 25 45 75 74 3 81 52 6 9 54 21 4 77 42 38 46 20 82 32 37 73 70 78 71 21 54 59 28 4 13 38 69 80 57 22
79 41 19 55 72 24 28 19 65 9 3 32 15 83 3 59 64 60 1 69 56 74 90 3 24 88 88 16 2 67 44 9 56 16 66 69 23 90 80 64 9 2 78 11 2 3 68 87 27 24 59 49 13 15 29 60 69 23 23 78 37 40 46 13 54 19 57 34 20 35 21 67 87 64 85 65 44 22 43 43 56 31 14 11 49 79 54 83 59 62 20 34 3 32 64 16 31 88 18 12 1 13 18 32 66 10 86 66 81 14 53 12 14 82 33 46 59 20 36 27 7 65 28 21 58 66 75 19 74 77 64 19 1 43 15 55 12 37 42 23 30 87 28 34 44 36 1 36
10 57 8 90 75 34 78 10 21 88 77 80 5 82 51 52 45 24 69 75 17 45 39 90 76 40 71 20 51 88 43 12 78 47 10 72 3 36 29 54 67 26 59 13 5 75 55 48 68 37 86 3 47 74 70 60 71 15 38 44 25 19 72 84 75 20 65 12 78 62 35 17 10 40 4 8 1 24 78 50 30 48 25 59 66 39 39 54 44 82 41 36 20 82 80 28 80 30 80 42 73 1 65 47 45 84 83 22 63 18 24 31 62 73 35 52 19 24 40 57 8 38 75 30 67 19 2 67 2 17 35 79 82 80 56 85 76 21 72 77 13 72 80 15 90 18 73 27
5 65 40 24 66 31 25 77 25 1 58 60 74 60 26 81 36 70 20 15 52 42 40 57 48 29 24 37 16 67 3 37 34 40 29 90 84 40 57 2 74 46 27 55 14 16 48 57 53 47 60 36 64 12 83 56 37 36 4 34 26 26 64 32 65 34 15 88 19 3 41 81 72 13 84 63 13 86 79 8 84 90 69 42 89 28 68 32 5 45 72 36 4 30 20 33 71 8 40 81 88 65 78 33 4 55 29 26 29 52 4 71 39 7 69 39 46 79 38 27 18 64 22 11 61 20 44 63 45 24 40 10 61 31 55 14 14 31 82 85 12 65 10 55 18 69 38 24
39 15 5 47 82 59 48 7 1 44 82 13 12 54 86 87 16 18 41 9 86 2 66 55 53 17 16 80 27 59 25 83 89 72 35 47 70 73 79 46 67 46 68 60 77 69 17 49 36 41 63 64 35 46 61 9 22 17 23 68 85 54 24 47 69 63 5 46 29 85 45 38 8 42 54 43 40 68 90 39 19 82 10 86 44 83 3 65 38 76 40 69 66 56 45 82 18 46 84 65 59 79 59 83 50 34 11 15 25 39 23 81 51 85 82 24 63 2 13 23 53 89 28 64 32 10 30 36 31 11 86 11 40 42 6 70 3 54 18 23 50 28 55 26 81 61 20 78
38 74 46 13 11 13 50 67 35 21 58 67 82 49 4 28 3 75 48 20 10 36 9 78 68 57 33 57 66 44 50 25 70 40 85 86 21 73 81 63 40 56 42 42 44 85 30 61 76 79 70 5 61 83 3 65 39 60 61 45 54 63 68 11 64 21 11 1 16 90 24 67 42 29 63 24 7 2 53 75 13 90 56 81 64 21 88 31 12 21 1 18 15 47 1 14 21 12 30 37 63 1 15 14 37 81 25 77 76 50 89 22 75 7 27 75 35 75 58 51 60 50 70 9 56 25 19 47 88 26 39 15 65 36 31 42 5 85 33 83 15 24 8 14 66 67 11 16
34 18 72 21 49 22 31 23 27 77 51 32 1 83 12 60 29 29 63 74 11 64 2 35 74 82 86 68 82 75 27 51 41 69 68 15 70 59 12 32 55 38 40 47 78 40 42 32 81 89 39 50 56 5 84 85 54 49 67 52 37 14 14 23 26 88 17 37 72 40 11 69 11 33 38 56 73 71 52 64 60 43 40 2 43 53 46 69 89 17 29 16 14 42 34 63 46 72 13 60 64 28 45 86 89 48 59 34 40 8 60 34 26 68 89 65 32 11 18 48 17 56 25 1 10 64 68 35 10 22 28 8 71 8 52 13 51 58 44 6 41 43 25 60 83 82 53 61
72 34 3 63 40 41 13 57 61 45 86 78 82 34 52 17 17 7 5 13 29 4 23 32 60 22 69 19 29 63 15 85 52 75 37 86 43 44 77 10 37 80 65 8 44 32 69 6 84 49 31 45 85 58 36 31 29 16 7 84 32 30 43 51 26 88 20 6 27 26 38 57 84 27 18 88 15 81 64 84 14 47 31 79 69 10 70 75 61 17 65 20 60 41 66 52 17 63 10 68 18 90 88 43 5 76 50 22 36 85 45 70 49 83 30 62 32 31 27 76 67 16 2 33 58 42 47 40 33 87 2 8 1 42 83 14 21 68 80 41 30 41 90 36 12 68 15 88
40 17 68 42 31 12 55 24 57 89 86 50 3 68 6 78 59 48 38 71 22 10 29 31 54 60 60 49 21 68 62 49 5 36 79 73 37 46 16 34 32 60 8 17 15 22 47 43 76 55 12 75 7 80 34 32 38 36 51 44 61 13 42 27 78 72 63 33 50 76 45 81 56 18 49 46 29 18 18 73 13 54 11 84 11 15 55 47 87 69 55 61 30 61 59 87 80 73 15 45 72 56 57 16 26 53 39 89 75 64 84 52 20 76 14 11 53 54 42 45 75 4 13 64 69 88 23 80 29 9 85 22 62 33 39 42 41 58 48 85 4 4 42 72 32 53 7 18
14 17 37 76 87 73 63 56 28 3 45 15 64 51 47 32 48 3 28 75 84 73 55 41 2 81 40 50 16 40 55 39 82 21 27 60 62 31 90 26 18 7 49 9 29 50 51 51 89 55 22 31 79 12 17 35 32 70 70 87 68 30 22 39 47 56 1 32 4 25 26 16 13 51 37 67 69 28 43 13 75 88 88 47 75 50 31 73 24 61 14 45 68 45 48 28 57 24 27 66 30 45 72 30 90 47 17 74 85 59 26 63 90 3 49 1 78 39 83 50 90 2 80 40 3 77 44 13 51 80 85 27 90 24 53 52 70 6 38 78 9 88 63 14 81 5 3 53
4 26 85 6 35 75 86 58 33 51 30 52 17 88 6 76 60 57 47 1 77 21 75 52 26 42 38 8 84 29 51 24 10 78 18 45 66 16 28 51 43 83 40 68 12 4 75 23 41 10 52 64 42 2 24 42 87 44 75 25 30 84 49 71 43 34 21 8 80 72 42 44 26 31 55 43 19 9 23 50 53 44 34 64 41 61 75 64 80 34 65 37 12 90 11 30 34 3 39 67 60 9 23 3 37 71 40 58 5 37 32 25 18 6 85 21 21 24 34 28 22 32 42 20 47 84 2 37 32 72 41 79 35 24 84 84 87 26 12 77 4 42 47 88 35 90 66 15
89 44 12 44 6 66 28 64 36 11 41 8 84 39 80 46 68 67 43 2 50 73 37 36 44 21 12 8 55 87 83 67 21 61 62 24 76 35 1 61 8 67 39 37 53 67 13 56 89 78 11 44 47 28 66 29 4 59 38 87 14 3 86 55 43 15 14 33 36 41 56 51 42 83 18 11 84 10 55 70 12 74 18 35 43 9 70 82 33 33 54 20 8 76 25 85 19 71 55 32 8 27 55 39 20 5 5 53 18 25 6 82 65 72 19 35 5 37 16 31 4 61 24 23 18 88 36 89 18 63 70 1 8 65 20 24 35 40 23 89 79 31 28 46 52 40 7 71
